plist configuration,scheduler,pids,instantiation times,start_times,finish times,total wait times,turnaround times,average queue lengths,response times,required cpu time,process sizes,turnaround stat
RAND,CFS,0,173,173,152662,152467,152489,41.0,0,1836,MEDiUM,152489
RAND,CFS,1,289,299,83728,83417,83439,44.0,10,935,SMALL,83439
RAND,CFS,2,290,310,166588,166269,166298,40.3,20,2041,MEDiUM,166298
RAND,CFS,3,375,382,10249,9860,9874,34.6,7,109,SMALL,9874
RAND,CFS,4,389,394,218578,218178,218189,35.9,5,3009,MEDiUM,218189
RAND,CFS,5,389,399,260611,260203,260222,31.0,10,4780,LARGE,260222
RAND,CFS,6,557,561,176340,175774,175783,39.6,4,2195,MEDiUM,175783
RAND,CFS,7,561,565,257151,256581,256590,31.7,4,4349,LARGE,256590
RAND,CFS,8,597,597,172672,172070,172075,39.8,0,2136,MEDiUM,172075
RAND,CFS,9,719,721,21436,20711,20717,41.6,2,224,SMALL,20717
RAND,CFS,10,898,899,48658,47755,47760,43.9,1,525,SMALL,47760
RAND,CFS,11,985,986,90932,89942,89947,43.2,1,1024,MEDiUM,89947
RAND,CFS,12,996,998,25080,24078,24084,42.8,2,263,SMALL,24084
RAND,CFS,13,1196,1196,144556,143356,143360,41.1,0,1726,MEDiUM,143360
RAND,CFS,14,1205,1205,176694,175485,175489,39.5,0,2201,MEDiUM,175489
RAND,CFS,15,1259,1259,246014,244750,244755,33.2,0,3782,MEDiUM,244755
RAND,CFS,16,1556,1556,246935,245374,245379,33.2,0,3818,MEDiUM,245379
RAND,CFS,17,1612,1613,260448,258831,258836,31.0,1,4745,LARGE,258836
RAND,CFS,18,1666,1667,62400,60729,60734,44.3,1,681,SMALL,60734
RAND,CFS,19,1878,1880,196820,194937,194942,37.7,2,2564,MEDiUM,194942
RAND,CFS,20,2242,2242,247084,244839,244842,33.1,0,3823,MEDiUM,244842
RAND,CFS,21,2492,2492,62924,60429,60432,43.4,0,687,SMALL,60432
RAND,CFS,22,2586,2586,153038,150449,150452,40.7,0,1841,MEDiUM,150452
RAND,CFS,23,2783,2784,260779,257988,257996,31.0,1,4830,LARGE,257996
RAND,CFS,24,2850,2850,236470,233617,233620,34.1,0,3431,MEDiUM,233620
RAND,CFS,25,2960,2960,23726,20763,20766,42.9,0,248,SMALL,20766
RAND,CFS,26,2972,2972,215098,212123,212126,36.2,0,2933,MEDiUM,212126
RAND,CFS,27,3320,3320,165490,162167,162170,40.7,0,2024,MEDiUM,162170
RAND,CFS,28,3386,3386,184840,181451,181454,39.3,0,2342,MEDiUM,181454
RAND,CFS,29,3403,3404,260845,257434,257442,31.2,1,4858,LARGE,257442
RAND,CFS,30,3524,3524,86642,83115,83118,44.4,0,970,SMALL,83118
RAND,CFS,31,3527,3528,183386,179855,179859,39.5,1,2316,MEDiUM,179859
RAND,CFS,32,3543,3544,257363,253816,253820,32.1,1,4367,LARGE,253820
RAND,CFS,33,3584,3584,20236,16649,16652,47.0,0,211,SMALL,16652
RAND,CFS,34,3613,3614,151768,148151,148155,41.5,1,1823,MEDiUM,148155
RAND,CFS,35,3656,3656,259019,255358,255363,31.7,0,4546,LARGE,255363
RAND,CFS,36,3876,3876,235636,231757,231760,34.5,0,3410,MEDiUM,231760
RAND,CFS,37,3940,3940,101426,97483,97486,43.7,0,1158,MEDiUM,97486
RAND,CFS,38,4106,4106,237773,233664,233667,34.3,0,3476,MEDiUM,233667
RAND,CFS,39,4196,4196,260036,255836,255840,31.5,0,4680,LARGE,255840
RAND,CFS,40,4282,4282,207238,202953,202956,37.4,0,2769,MEDiUM,202956
RAND,CFS,41,4328,4328,257277,252945,252949,32.1,0,4359,LARGE,252949
RAND,CFS,42,4431,4432,260906,256465,256475,31.3,1,4911,LARGE,256475
RAND,CFS,43,4440,4440,253625,249181,249185,32.8,0,4141,LARGE,249185
RAND,CFS,44,4522,4522,200594,196069,196072,38.1,0,2636,MEDiUM,196072
RAND,CFS,45,4623,4624,222794,218167,218171,35.9,1,3104,MEDiUM,218171
RAND,CFS,46,4676,4676,248010,243331,243334,33.5,0,3864,MEDiUM,243334
RAND,CFS,47,4723,4724,257026,252299,252303,32.2,1,4340,LARGE,252303
RAND,CFS,48,4878,4878,254783,249901,249905,32.6,0,4205,LARGE,249905
RAND,CFS,49,4981,4982,251252,246267,246271,33.1,1,4018,LARGE,246271
RAND,MLFQ,0,173,173,70100,69890,69927,35.1,0,1836,MEDiUM,69927
RAND,MLFQ,1,289,299,37330,36995,37041,36.5,10,935,SMALL,37041
RAND,MLFQ,2,290,320,82925,82583,82635,37.2,30,2041,MEDiUM,82635
RAND,MLFQ,3,375,383,1610,1197,1235,9.3,8,109,SMALL,1235
RAND,MLFQ,4,389,404,111713,111279,111324,34.1,15,3009,MEDiUM,111324
RAND,MLFQ,5,389,425,141212,140746,140823,27.0,36,4780,LARGE,140823
RAND,MLFQ,6,557,572,89032,88424,88475,37.3,15,2195,MEDiUM,88475
RAND,MLFQ,7,561,593,137769,137146,137208,28.9,32,4349,LARGE,137208
RAND,MLFQ,8,597,614,87079,86428,86482,37.5,17,2136,MEDiUM,86482
RAND,MLFQ,9,719,719,7810,7066,7091,27.9,0,224,SMALL,7091
RAND,MLFQ,10,898,908,22751,21817,21853,37.9,10,525,SMALL,21853
RAND,MLFQ,11,985,992,45609,44592,44624,40.0,7,1024,MEDiUM,44624
RAND,MLFQ,12,996,1013,10943,9906,9947,33.6,17,263,SMALL,9947
RAND,MLFQ,13,1196,1202,74097,72868,72901,39.0,6,1726,MEDiUM,72901
RAND,MLFQ,14,1205,1223,91113,89868,89908,37.6,18,2201,MEDiUM,89908
RAND,MLFQ,15,1259,1265,130045,128757,128786,31.3,6,3782,MEDiUM,128786
RAND,MLFQ,16,1556,1559,130757,129159,129201,31.2,3,3818,MEDiUM,129201
RAND,MLFQ,17,1612,1632,141575,139917,139963,27.0,20,4745,LARGE,139963
RAND,MLFQ,18,1666,1674,32518,30822,30852,41.4,8,681,SMALL,30852
RAND,MLFQ,19,1878,1884,102814,100905,100936,36.3,6,2564,MEDiUM,100936
RAND,MLFQ,20,2242,2262,131706,129420,129464,31.1,20,3823,MEDiUM,129464
RAND,MLFQ,21,2492,2493,34311,31790,31819,42.8,1,687,SMALL,31819
RAND,MLFQ,22,2586,2598,81386,78766,78800,39.5,12,1841,MEDiUM,78800
RAND,MLFQ,23,2783,2787,142027,139209,139244,26.4,4,4830,LARGE,139244
RAND,MLFQ,24,2850,2850,124617,121735,121767,32.8,0,3431,MEDiUM,121767
RAND,MLFQ,25,2960,2976,14450,11445,11490,43.2,16,248,SMALL,11490
RAND,MLFQ,26,2972,2997,113470,110439,110498,34.9,25,2933,MEDiUM,110498
RAND,MLFQ,27,3320,3564,88701,85112,85381,39.0,244,2024,MEDiUM,85381
RAND,MLFQ,28,3386,3585,98546,94938,95160,37.5,199,2342,MEDiUM,95160
RAND,MLFQ,29,3403,3606,142151,138506,138748,26.2,203,4858,LARGE,138748
RAND,MLFQ,30,3524,3627,47951,44293,44427,42.7,103,970,SMALL,44427
RAND,MLFQ,31,3527,3648,97430,93745,93903,37.7,121,2316,MEDiUM,93903
RAND,MLFQ,32,3543,3669,139609,135912,136066,28.6,126,4367,LARGE,136066
RAND,MLFQ,33,3584,3690,13706,9984,10122,45.5,106,211,SMALL,10122
RAND,MLFQ,34,3613,3711,81978,78243,78365,39.8,98,1823,MEDiUM,78365
RAND,MLFQ,35,3656,3732,140939,137180,137283,27.7,76,4546,LARGE,137283
RAND,MLFQ,36,3876,3879,124880,120970,121004,32.8,3,3410,MEDiUM,121004
RAND,MLFQ,37,3940,3942,55593,51612,51653,42.0,2,1158,MEDiUM,51653
RAND,MLFQ,38,4106,4110,126199,122052,122093,32.6,4,3476,MEDiUM,122093
RAND,MLFQ,39,4196,4215,141659,137403,137463,27.0,19,4680,LARGE,137463
RAND,MLFQ,40,4282,4299,110443,106114,106161,35.6,17,2769,MEDiUM,106161
RAND,MLFQ,41,4328,4341,139538,135157,135210,28.6,13,4359,LARGE,135210
RAND,MLFQ,42,4431,4446,142226,137748,137795,25.7,15,4911,LARGE,137795
RAND,MLFQ,43,4440,4467,137381,132892,132941,29.6,27,4141,LARGE,132941
RAND,MLFQ,44,4522,4530,106926,102359,102404,36.2,8,2636,MEDiUM,102404
RAND,MLFQ,45,4623,4635,118641,113981,114018,34.0,12,3104,MEDiUM,114018
RAND,MLFQ,46,4676,4677,133454,128752,128778,30.8,1,3864,MEDiUM,128778
RAND,MLFQ,47,4723,4740,139455,134674,134732,28.7,17,4340,LARGE,134732
RAND,MLFQ,48,4878,4887,138195,133282,133317,29.2,9,4205,LARGE,133317
RAND,MLFQ,49,4981,4992,135615,130584,130634,30.1,11,4018,LARGE,130634
RAND,RR,0,173,173,67328,67118,67155,35.2,0,1836,MEDiUM,67155
RAND,RR,1,289,320,35419,35063,35130,36.6,31,935,SMALL,35130
RAND,RR,2,290,341,80987,80624,80697,37.7,51,2041,MEDiUM,80697
RAND,RR,3,375,446,1463,987,1088,10.7,71,109,SMALL,1088
RAND,RR,4,389,488,110831,110313,110442,35.1,99,3009,MEDiUM,110442
RAND,RR,5,389,509,141044,140494,140655,28.1,120,4780,LARGE,140655
RAND,RR,6,557,698,88061,87327,87504,38.2,141,2195,MEDiUM,87504
RAND,RR,7,561,719,137410,136661,136849,30.0,158,4349,LARGE,136849
RAND,RR,8,597,782,86302,85483,85705,38.5,185,2136,MEDiUM,85705
RAND,RR,9,719,908,6865,5932,6146,27.8,189,224,SMALL,6146
RAND,RR,10,898,1118,22373,21229,21475,39.3,220,525,SMALL,21475
RAND,RR,11,985,1223,45000,43752,44015,41.0,238,1024,MEDiUM,44015
RAND,RR,12,996,1265,10460,9171,9464,34.8,269,263,SMALL,9464
RAND,RR,13,1196,1464,73803,72312,72607,40.1,268,1726,MEDiUM,72607
RAND,RR,14,1205,1506,90798,89270,89593,38.7,301,2201,MEDiUM,89593
RAND,RR,15,1259,1569,129961,128369,128702,32.4,310,3782,MEDiUM,128702
RAND,RR,16,1556,1884,130673,128750,129117,32.3,328,3818,MEDiUM,129117
RAND,RR,17,1612,1968,141554,139560,139942,28.0,356,4745,LARGE,139942
RAND,RR,18,1666,2031,32371,30318,30705,42.6,365,681,SMALL,30705
RAND,RR,19,1878,2262,102688,100401,100810,37.4,384,2564,MEDiUM,100810
RAND,RR,20,2242,2661,131622,128937,129380,32.2,419,3823,MEDiUM,129380
RAND,RR,21,2492,2913,34311,31370,31819,44.1,421,687,SMALL,31819
RAND,RR,22,2586,3039,81346,78285,78760,40.6,453,1841,MEDiUM,78760
RAND,RR,23,2783,3249,142027,138747,139244,27.4,466,4830,LARGE,139244
RAND,RR,24,2850,3333,124638,121273,121788,33.8,483,3431,MEDiUM,121788
RAND,RR,25,2960,3480,14828,11319,11868,45.2,520,248,SMALL,11868
RAND,RR,26,2972,3501,113491,109956,110519,35.9,529,2933,MEDiUM,110519
RAND,RR,27,3320,3879,88612,84708,85292,40.0,559,2024,MEDiUM,85292
RAND,RR,28,3386,3963,98462,94476,95076,38.5,577,2342,MEDiUM,95076
RAND,RR,29,3403,4005,142130,138086,138727,27.2,602,4858,LARGE,138727
RAND,RR,30,3524,4152,48140,43957,44616,43.7,628,970,SMALL,44616
RAND,RR,31,3527,4173,97409,93199,93882,38.6,646,2316,MEDiUM,93882
RAND,RR,32,3543,4194,139589,135367,136046,29.6,651,4367,LARGE,136046
RAND,RR,33,3584,4257,14105,9816,10521,47.0,673,211,SMALL,10521
RAND,RR,34,3613,4320,82106,77762,78493,40.7,707,1823,MEDiUM,78493
RAND,RR,35,3656,4383,140960,136550,137304,28.7,727,4546,LARGE,137304
RAND,RR,36,3876,4614,125048,120403,121172,33.7,738,3410,MEDiUM,121172
RAND,RR,37,3940,4698,56139,51402,52199,43.0,758,1158,MEDiUM,52199
RAND,RR,38,4106,4887,126346,121422,122240,33.4,781,3476,MEDiUM,122240
RAND,RR,39,4196,5013,141680,136626,137484,27.9,817,4680,LARGE,137484
RAND,RR,40,4282,5118,110674,105526,106392,36.4,836,2769,MEDiUM,106392
RAND,RR,41,4328,5181,139630,134409,135302,29.5,853,4359,LARGE,135302
RAND,RR,42,4431,5307,142226,136887,137795,26.6,876,4911,LARGE,137795
RAND,RR,43,4440,5328,137517,132167,133077,30.4,888,4141,LARGE,133077
RAND,RR,44,4522,5433,107178,101708,102656,37.0,911,2636,MEDiUM,102656
RAND,RR,45,4623,5559,118893,113309,114270,34.8,936,3104,MEDiUM,114270
RAND,RR,46,4676,5622,133622,127975,128946,31.6,946,3864,MEDiUM,128946
RAND,RR,47,4723,5706,139560,133813,134837,29.5,983,4340,LARGE,134837
RAND,RR,48,4878,5874,138321,132421,133443,30.0,996,4205,LARGE,133443
RAND,RR,49,4981,6000,135783,129744,130802,30.9,1019,4018,LARGE,130802
SHORT,CFS,0,36,36,108,42,72,1.0,0,69,SMALL,72
SHORT,CFS,1,174,174,23596,23399,23422,26.0,0,403,SMALL,23422
SHORT,CFS,2,293,300,15682,15370,15389,33.9,7,203,SMALL,15389
SHORT,CFS,3,353,355,396,32,43,3.0,2,36,SMALL,43
SHORT,CFS,4,438,441,17480,17030,17042,31.8,3,232,SMALL,17042
SHORT,CFS,5,523,529,20434,19898,19911,29.4,6,288,SMALL,19911
SHORT,CFS,6,542,547,23906,23347,23364,25.3,5,485,SMALL,23364
SHORT,CFS,7,553,557,23840,23275,23287,25.7,4,439,SMALL,23287
SHORT,CFS,8,709,713,21950,21232,21241,27.6,4,325,SMALL,21241
SHORT,CFS,9,774,777,17904,17122,17130,29.8,3,239,SMALL,17130
SHORT,CFS,10,1231,1231,11886,10650,10655,30.7,0,149,SMALL,10655
SHORT,CFS,11,1235,1235,23495,22256,22260,27.9,0,391,SMALL,22260
SHORT,CFS,12,1348,1350,22124,20769,20776,29.3,2,332,SMALL,20776
SHORT,CFS,13,1474,1476,23148,21667,21674,28.5,2,374,SMALL,21674
SHORT,CFS,14,1661,1662,23799,22131,22138,28.8,1,431,SMALL,22138
SHORT,CFS,15,1679,1680,23824,22137,22145,28.8,1,436,SMALL,22145
SHORT,CFS,16,1744,1746,21820,20070,20076,31.3,2,321,SMALL,20076
SHORT,CFS,17,1822,1824,20716,18888,18894,32.5,2,294,SMALL,18894
SHORT,CFS,18,1888,1890,22594,20700,20706,30.9,2,350,SMALL,20706
SHORT,CFS,19,1889,1893,5363,3466,3474,22.3,4,57,SMALL,3474
SHORT,CFS,20,1967,1968,1982,9,15,19.0,1,10,SMALL,15
SHORT,CFS,21,2033,2034,8909,6871,6876,33.0,1,110,SMALL,6876
SHORT,CFS,22,2071,2073,9379,7303,7308,31.9,2,116,SMALL,7308
SHORT,CFS,23,2313,2314,20266,17949,17953,32.6,1,284,SMALL,17953
SHORT,CFS,24,2327,2328,2733,402,406,22.6,1,50,SMALL,406
SHORT,CFS,25,2435,2436,23476,21036,21041,29.8,1,391,SMALL,21041
SHORT,CFS,26,2555,2556,18046,15487,15491,34.2,1,241,SMALL,15491
SHORT,CFS,27,2775,2776,14166,11387,11391,35.3,1,180,SMALL,11391
SHORT,CFS,28,2855,2856,13606,10747,10751,35.7,1,172,SMALL,10751
SHORT,CFS,29,2911,2912,23369,20454,20458,30.6,1,384,SMALL,20458
SHORT,CFS,30,2912,2914,23411,20493,20499,30.6,2,387,SMALL,20499
SHORT,CFS,31,3148,3148,15842,12691,12694,36.1,0,205,SMALL,12694
SHORT,CFS,32,3162,3162,23413,20248,20251,30.8,0,386,SMALL,20251
SHORT,CFS,33,3333,3334,21190,17853,17857,33.2,1,305,SMALL,17857
SHORT,CFS,34,3423,3424,19076,15649,15653,35.0,1,260,SMALL,15653
SHORT,CFS,35,3566,3566,17944,14375,14378,36.0,0,239,SMALL,14378
SHORT,CFS,36,3702,3702,20326,16621,16624,34.5,0,285,SMALL,16624
SHORT,CFS,37,3854,3854,6201,2344,2347,37.4,0,70,SMALL,2347
SHORT,CFS,38,3931,3932,23416,19480,19485,31.8,1,387,SMALL,19485
SHORT,CFS,39,4022,4022,13264,9239,9242,39.8,0,167,SMALL,9242
SHORT,CFS,40,4051,4052,18872,14817,14821,37.0,1,256,SMALL,14821
SHORT,CFS,41,4075,4076,4637,558,562,40.0,1,44,SMALL,562
SHORT,CFS,42,4099,4100,23478,19375,19379,32.3,1,390,SMALL,19379
SHORT,CFS,43,4163,4164,23866,19691,19703,31.3,1,455,SMALL,19703
SHORT,CFS,44,4250,4250,10958,6705,6708,41.0,0,136,SMALL,6708
SHORT,CFS,45,4469,4470,14940,10467,10471,39.8,1,191,SMALL,10471
SHORT,CFS,46,4705,4706,4747,38,42,42.0,1,21,SMALL,42
SHORT,CFS,47,4810,4810,23710,18894,18900,32.0,0,418,SMALL,18900
SHORT,CFS,48,4927,4928,6279,1348,1352,43.4,1,71,SMALL,1352
SHORT,CFS,49,4973,4974,22908,17931,17935,33.6,1,362,SMALL,17935
SHORT,MLFQ,0,36,36,108,42,72,0.0,0,69,SMALL,72
SHORT,MLFQ,1,174,174,5091,4893,4917,10.0,0,403,SMALL,4917
SHORT,MLFQ,2,293,300,1937,1613,1644,6.2,7,203,SMALL,1644
SHORT,MLFQ,3,353,363,442,42,89,2.0,10,36,SMALL,89
SHORT,MLFQ,4,438,443,3628,3152,3190,11.7,5,232,SMALL,3190
SHORT,MLFQ,5,523,527,6930,6374,6407,19.1,4,288,SMALL,6407
SHORT,MLFQ,6,542,548,12524,11950,11982,21.2,6,485,SMALL,11982
SHORT,MLFQ,7,553,569,11421,10812,10868,22.1,16,439,SMALL,10868
SHORT,MLFQ,8,709,716,9225,8483,8516,22.6,7,325,SMALL,8516
SHORT,MLFQ,9,774,779,6112,5293,5338,20.3,5,239,SMALL,5338
SHORT,MLFQ,10,1231,1241,4856,3585,3625,21.4,10,149,SMALL,3625
SHORT,MLFQ,11,1235,1262,12354,11060,11119,25.0,27,391,SMALL,11119
SHORT,MLFQ,12,1348,1367,11275,9875,9927,26.6,19,332,SMALL,9927
SHORT,MLFQ,13,1474,1493,12279,10751,10805,25.7,19,374,SMALL,10805
SHORT,MLFQ,14,1661,1661,13163,11470,11502,23.5,0,431,SMALL,11502
SHORT,MLFQ,15,1679,1682,13180,11461,11501,23.5,3,436,SMALL,11501
SHORT,MLFQ,16,1744,1745,11848,10081,10104,27.2,1,321,SMALL,10104
SHORT,MLFQ,17,1822,1829,11011,9147,9189,28.4,7,294,SMALL,9189
SHORT,MLFQ,18,1888,1892,12386,10463,10498,26.7,4,350,SMALL,10498
SHORT,MLFQ,19,1889,1913,2911,960,1022,20.3,24,57,SMALL,1022
SHORT,MLFQ,20,1967,1980,1990,0,23,17.0,13,10,SMALL,23
SHORT,MLFQ,21,2033,2033,5396,3332,3363,28.2,0,110,SMALL,3363
SHORT,MLFQ,22,2071,2075,5455,3343,3384,28.3,4,116,SMALL,3384
SHORT,MLFQ,23,2313,2327,11678,9326,9365,29.1,14,284,SMALL,9365
SHORT,MLFQ,24,2327,2348,3510,1131,1183,24.0,21,50,SMALL,1183
SHORT,MLFQ,25,2435,2453,13151,10666,10716,24.6,18,391,SMALL,10716
SHORT,MLFQ,26,2555,2558,10828,8248,8273,30.2,3,241,SMALL,8273
SHORT,MLFQ,27,2775,2789,8790,5960,6015,32.6,14,180,SMALL,6015
SHORT,MLFQ,28,2855,2873,8883,5977,6028,32.6,18,172,SMALL,6028
SHORT,MLFQ,29,2911,2912,13311,10374,10400,24.1,1,384,SMALL,10400
SHORT,MLFQ,30,2912,2933,13319,10358,10407,24.0,21,387,SMALL,10407
SHORT,MLFQ,31,3148,3164,10310,7120,7162,31.6,16,205,SMALL,7162
SHORT,MLFQ,32,3162,3185,13326,10114,10164,23.5,23,386,SMALL,10164
SHORT,MLFQ,33,3333,3353,12614,9235,9281,27.2,20,305,SMALL,9281
SHORT,MLFQ,34,3423,3437,11652,8174,8229,30.3,14,260,SMALL,8229
SHORT,MLFQ,35,3566,3574,11262,7648,7696,31.1,8,239,SMALL,7696
SHORT,MLFQ,36,3702,3713,12455,8716,8753,27.7,11,285,SMALL,8753
SHORT,MLFQ,37,3854,3860,6333,2442,2479,35.2,6,70,SMALL,2479
SHORT,MLFQ,38,3931,3944,13439,9467,9508,22.2,13,387,SMALL,9508
SHORT,MLFQ,39,4022,4028,9884,5828,5862,32.8,6,167,SMALL,5862
SHORT,MLFQ,40,4051,4070,11928,7821,7877,29.3,19,256,SMALL,7877
SHORT,MLFQ,41,4075,4091,5798,1682,1723,37.0,16,44,SMALL,1723
SHORT,MLFQ,42,4099,4112,13474,9331,9375,22.1,13,390,SMALL,9375
SHORT,MLFQ,43,4163,4175,13593,9382,9430,19.1,12,455,SMALL,9430
SHORT,MLFQ,44,4250,4259,8828,4532,4578,34.6,9,136,SMALL,4578
SHORT,MLFQ,45,4469,4469,10784,6283,6315,32.1,0,191,SMALL,6315
SHORT,MLFQ,46,4705,4721,5583,840,878,38.5,16,21,SMALL,878
SHORT,MLFQ,47,4810,4826,13556,8691,8746,19.7,16,418,SMALL,8746
SHORT,MLFQ,48,4927,4941,7278,2305,2351,36.0,14,71,SMALL,2351
SHORT,MLFQ,49,4973,4983,13463,8457,8490,21.4,10,362,SMALL,8490
SHORT,RR,0,36,36,108,42,72,1.0,0,69,SMALL,72
SHORT,RR,1,174,174,2561,2363,2387,6.6,0,403,SMALL,2387
SHORT,RR,2,293,321,1496,1151,1203,6.2,28,203,SMALL,1203
SHORT,RR,3,353,405,484,42,131,3.5,52,36,SMALL,131
SHORT,RR,4,438,506,2868,2329,2430,11.5,68,232,SMALL,2430
SHORT,RR,5,523,590,5526,4907,5003,18.5,67,288,SMALL,5003
SHORT,RR,6,542,632,11908,11250,11366,22.7,90,485,SMALL,11366
SHORT,RR,7,553,674,10666,9952,10113,23.3,121,439,SMALL,10113
SHORT,RR,8,709,842,8271,7403,7562,23.2,133,325,SMALL,7562
SHORT,RR,9,774,926,5111,4145,4337,20.2,152,239,SMALL,4337
SHORT,RR,10,1231,1409,4125,2686,2894,20.9,178,149,SMALL,2894
SHORT,RR,11,1235,1430,11839,10377,10604,26.4,195,391,SMALL,10604
SHORT,RR,12,1348,1560,10847,9254,9499,28.1,212,332,SMALL,9499
SHORT,RR,13,1474,1707,12007,10265,10533,27.4,233,374,SMALL,10533
SHORT,RR,14,1661,1896,12962,11034,11301,25.2,235,431,SMALL,11301
SHORT,RR,15,1679,1938,12979,11004,11300,25.1,259,436,SMALL,11300
SHORT,RR,16,1744,2022,11638,9594,9894,28.8,278,321,SMALL,9894
SHORT,RR,17,1822,2127,10883,8721,9061,30.1,305,294,SMALL,9061
SHORT,RR,18,1888,2211,12203,9961,10315,28.0,323,350,SMALL,10315
SHORT,RR,19,1889,2232,3096,826,1207,22.3,343,57,SMALL,1207
SHORT,RR,20,1967,2337,2347,0,380,22.0,370,10,SMALL,380
SHORT,RR,21,2033,2411,5206,2764,3173,29.2,378,110,SMALL,3173
SHORT,RR,22,2071,2474,5391,2880,3320,30.0,403,116,SMALL,3320
SHORT,RR,23,2313,2709,11573,8839,9260,30.2,396,284,SMALL,9260
SHORT,RR,24,2327,2751,3758,976,1431,26.0,424,50,SMALL,1431
SHORT,RR,25,2435,2869,13033,10132,10598,25.4,434,391,SMALL,10598
SHORT,RR,26,2555,2995,10885,7868,8330,31.4,440,241,SMALL,8330
SHORT,RR,27,2775,3244,8817,5532,6042,33.6,469,180,SMALL,6042
SHORT,RR,28,2855,3328,8893,5532,6038,33.4,473,172,SMALL,6038
SHORT,RR,29,2911,3391,13227,9811,10316,24.6,480,384,SMALL,10316
SHORT,RR,30,2912,3433,13235,9774,10323,24.5,521,387,SMALL,10323
SHORT,RR,31,3148,3664,10562,6872,7414,33.0,516,205,SMALL,7414
SHORT,RR,32,3162,3706,13326,9593,10164,24.1,544,386,SMALL,10164
SHORT,RR,33,3333,3885,12572,8661,9239,27.4,552,305,SMALL,9239
SHORT,RR,34,3423,3990,11743,7712,8320,30.6,567,260,SMALL,8320
SHORT,RR,35,3566,4147,11442,7255,7876,31.4,581,239,SMALL,7876
SHORT,RR,36,3702,4294,12545,8225,8843,27.9,592,285,SMALL,8843
SHORT,RR,37,3854,4462,6762,2269,2908,36.8,608,70,SMALL,2908
SHORT,RR,38,3931,4567,13439,8844,9508,22.2,636,387,SMALL,9508
SHORT,RR,39,4022,4672,10262,5562,6240,33.3,650,167,SMALL,6240
SHORT,RR,40,4051,4714,12129,7378,8078,29.2,663,256,SMALL,8078
SHORT,RR,41,4075,4777,6310,1508,2235,37.0,702,44,SMALL,2235
SHORT,RR,42,4099,4819,13471,8621,9372,21.6,720,390,SMALL,9372
SHORT,RR,43,4163,4882,13593,8675,9430,18.9,719,455,SMALL,9430
SHORT,RR,44,4250,4987,9351,4327,5101,34.6,737,136,SMALL,5101
SHORT,RR,45,4469,5228,11212,5952,6743,31.5,759,191,SMALL,6743
SHORT,RR,46,4705,5476,6263,765,1558,37.5,771,21,SMALL,1558
SHORT,RR,47,4810,5590,13556,7927,8746,19.0,780,418,SMALL,8746
SHORT,RR,48,4927,5737,7929,2160,3002,35.0,810,71,SMALL,3002
SHORT,RR,49,4973,5800,13495,7672,8522,20.3,827,362,SMALL,8522
LONG,CFS,0,71,71,262887,262792,262816,34.3,0,4261,LARGE,262816
LONG,CFS,1,181,197,104866,104657,104685,49.4,16,1057,MEDiUM,104685
LONG,CFS,2,221,230,247112,246872,246891,37.6,9,3293,MEDiUM,246891
LONG,CFS,3,248,254,266605,266340,266357,33.4,6,4745,LARGE,266357
LONG,CFS,4,261,266,136158,135886,135897,48.3,5,1400,MEDiUM,135897
LONG,CFS,5,425,426,245813,245380,245388,37.7,1,3245,MEDiUM,245388
LONG,CFS,6,446,446,127394,126943,126948,48.6,0,1297,MEDiUM,126948
LONG,CFS,7,707,707,262255,261542,261548,34.6,0,4200,LARGE,261548
LONG,CFS,8,717,719,123352,122628,122635,48.6,2,1252,MEDiUM,122635
LONG,CFS,9,819,819,266009,265183,265190,33.6,0,4621,LARGE,265190
LONG,CFS,10,820,822,196654,195828,195834,43.4,2,2237,MEDiUM,195834
LONG,CFS,11,1033,1034,130954,129916,129921,48.2,1,1338,MEDiUM,129921
LONG,CFS,12,1105,1106,122244,121134,121139,48.5,1,1240,MEDiUM,121139
LONG,CFS,13,1108,1109,109460,108347,108352,48.7,1,1104,MEDiUM,108352
LONG,CFS,14,1281,1283,250752,249465,249471,37.0,2,3440,MEDiUM,249471
LONG,CFS,15,1364,1364,226796,225428,225432,40.1,0,2800,MEDiUM,225432
LONG,CFS,16,1386,1388,266685,265289,265299,33.4,2,4778,LARGE,265299
LONG,CFS,17,1548,1550,191194,189640,189646,44.0,2,2150,MEDiUM,189646
LONG,CFS,18,1575,1577,231696,230115,230121,39.5,2,2902,MEDiUM,230121
LONG,CFS,19,1717,1718,253178,251456,251461,36.5,1,3569,MEDiUM,251461
LONG,CFS,20,1756,1756,166010,164251,164254,45.6,0,1785,MEDiUM,164254
LONG,CFS,21,1818,1818,158558,156737,156740,46.2,0,1683,MEDiUM,156740
LONG,CFS,22,1947,1948,265337,263386,263390,33.8,1,4520,LARGE,263390
LONG,CFS,23,2356,2356,244884,242525,242528,37.7,0,3212,MEDiUM,242528
LONG,CFS,24,2360,2360,251033,248670,248673,36.9,0,3453,MEDiUM,248673
LONG,CFS,25,2631,2632,266912,264273,264281,33.3,1,4990,LARGE,264281
LONG,CFS,26,2980,2980,234376,231393,231396,39.4,0,2960,MEDiUM,231396
LONG,CFS,27,2993,2994,211608,208611,208615,42.1,1,2502,MEDiUM,208615
LONG,CFS,28,3098,3098,257938,254837,254840,35.8,0,3857,MEDiUM,254840
LONG,CFS,29,3099,3100,128578,125475,125479,48.8,1,1310,MEDiUM,125479
LONG,CFS,30,3158,3158,193518,190357,190360,44.1,0,2186,MEDiUM,190360
LONG,CFS,31,3322,3322,248467,245142,245145,37.6,0,3345,MEDiUM,245145
LONG,CFS,32,3384,3384,210910,207523,207526,42.3,0,2489,MEDiUM,207526
LONG,CFS,33,3426,3426,108062,104633,104636,49.4,0,1089,MEDiUM,104636
LONG,CFS,34,3604,3604,266619,263012,263015,33.8,0,4744,LARGE,263015
LONG,CFS,35,3614,3614,184724,181107,181110,45.0,0,2052,MEDiUM,181110
LONG,CFS,36,3616,3616,145308,141689,141692,48.1,0,1511,MEDiUM,141692
LONG,CFS,37,3637,3638,236276,232635,232639,39.3,1,3003,MEDiUM,232639
LONG,CFS,38,3651,3652,162508,158853,158857,46.8,1,1736,MEDiUM,158857
LONG,CFS,39,3693,3694,151974,148277,148281,47.6,1,1596,MEDiUM,148281
LONG,CFS,40,3694,3696,258933,255234,255239,35.6,2,3923,MEDiUM,255239
LONG,CFS,41,4034,4034,219472,215435,215438,41.4,0,2653,MEDiUM,215438
LONG,CFS,42,4127,4128,251216,247084,247089,37.4,1,3462,MEDiUM,247089
LONG,CFS,43,4155,4156,241658,237499,237503,38.6,1,3131,MEDiUM,237503
LONG,CFS,44,4299,4300,185620,181317,181321,45.0,1,2065,MEDiUM,181321
LONG,CFS,45,4357,4358,265674,261312,261317,34.1,1,4566,LARGE,261317
LONG,CFS,46,4410,4410,199724,195311,195314,43.7,0,2289,MEDiUM,195314
LONG,CFS,47,4794,4794,251612,246814,246818,37.3,0,3482,MEDiUM,246818
LONG,CFS,48,4802,4802,146452,141647,141650,48.2,0,1525,MEDiUM,141650
LONG,CFS,49,4896,4896,196884,191985,191988,44.1,0,2240,MEDiUM,191988
LONG,MLFQ,0,71,71,140080,139987,140009,30.1,0,4261,LARGE,140009
LONG,MLFQ,1,181,197,47296,47061,47115,41.3,16,1057,MEDiUM,47115
LONG,MLFQ,2,221,239,128130,127857,127909,35.8,18,3293,MEDiUM,127909
LONG,MLFQ,3,248,260,144498,144212,144250,27.8,12,4745,LARGE,144250
LONG,MLFQ,4,261,281,65276,64954,65015,43.2,20,1400,MEDiUM,65015
LONG,MLFQ,5,425,428,127885,127431,127460,36.2,3,3245,MEDiUM,127460
LONG,MLFQ,6,446,449,61769,61282,61323,44.0,3,1297,MEDiUM,61323
LONG,MLFQ,7,707,722,141025,140262,140318,30.7,15,4200,LARGE,140318
LONG,MLFQ,8,717,743,61604,60828,60887,45.1,26,1252,MEDiUM,60887
LONG,MLFQ,9,819,827,144282,143433,143463,28.4,8,4621,LARGE,143463
LONG,MLFQ,10,820,848,101536,100650,100716,41.8,28,2237,MEDiUM,100716
LONG,MLFQ,11,1033,1037,66429,65353,65396,45.6,4,1338,MEDiUM,65396
LONG,MLFQ,12,1105,1121,62252,61090,61147,46.1,16,1240,MEDiUM,61147
LONG,MLFQ,13,1108,1142,56289,55122,55181,46.1,34,1104,MEDiUM,55181
LONG,MLFQ,14,1281,1289,132655,131325,131374,35.3,8,3440,MEDiUM,131374
LONG,MLFQ,15,1364,1373,118842,117428,117478,39.0,9,2800,MEDiUM,117478
LONG,MLFQ,16,1386,1394,144944,143511,143558,27.6,8,4778,LARGE,143558
LONG,MLFQ,17,1548,1562,100315,98722,98767,42.6,14,2150,MEDiUM,98767
LONG,MLFQ,18,1575,1583,122163,120557,120588,38.3,8,2902,MEDiUM,120588
LONG,MLFQ,19,1717,1730,135076,133316,133359,34.5,13,3569,MEDiUM,133359
LONG,MLFQ,20,1756,1772,87380,85582,85624,44.4,16,1785,MEDiUM,85624
LONG,MLFQ,21,1818,1835,83531,81672,81713,44.9,17,1683,MEDiUM,81713
LONG,MLFQ,22,1947,1961,143923,141921,141976,28.9,14,4520,LARGE,141976
LONG,MLFQ,23,2356,2360,129562,127169,127206,36.7,4,3212,MEDiUM,127206
LONG,MLFQ,24,2360,2381,133719,131304,131359,35.2,21,3453,MEDiUM,131359
LONG,MLFQ,25,2631,2633,145296,142632,142665,26.2,2,4990,LARGE,142665
LONG,MLFQ,26,2980,2990,124494,121463,121514,38.2,10,2960,MEDiUM,121514
LONG,MLFQ,27,2993,3011,113095,110061,110102,40.7,18,2502,MEDiUM,110102
LONG,MLFQ,28,3098,3116,138919,135765,135821,32.5,18,3857,MEDiUM,135821
LONG,MLFQ,29,3099,3137,69548,66380,66449,47.3,38,1310,MEDiUM,66449
LONG,MLFQ,30,3158,3158,103538,100353,100380,42.6,0,2186,MEDiUM,100380
LONG,MLFQ,31,3322,3326,132613,129261,129291,35.7,4,3345,MEDiUM,129291
LONG,MLFQ,32,3384,3389,112777,109358,109393,40.8,5,2489,MEDiUM,109393
LONG,MLFQ,33,3426,3431,59722,56261,56296,48.3,5,1089,MEDiUM,56296
LONG,MLFQ,34,3604,3620,145075,141430,141471,27.3,16,4744,LARGE,141471
LONG,MLFQ,35,3614,3641,99233,95559,95619,43.5,27,2052,MEDiUM,95619
LONG,MLFQ,36,3616,3662,78674,74980,75058,46.4,46,1511,MEDiUM,75058
LONG,MLFQ,37,3637,3683,126199,122492,122562,37.8,46,3003,MEDiUM,122562
LONG,MLFQ,38,3651,3704,87502,83761,83851,45.2,53,1736,MEDiUM,83851
LONG,MLFQ,39,3693,3725,82057,78295,78364,46.0,32,1596,MEDiUM,78364
LONG,MLFQ,40,3694,3746,139889,136119,136195,32.0,52,3923,MEDiUM,136195
LONG,MLFQ,41,4034,4040,117519,113445,113485,39.8,6,2653,MEDiUM,113485
LONG,MLFQ,42,4127,4145,134730,130562,130603,34.9,18,3462,MEDiUM,130603
LONG,MLFQ,43,4155,4166,128982,124784,124827,37.0,11,3131,MEDiUM,124827
LONG,MLFQ,44,4299,4313,100447,96108,96148,43.3,14,2065,MEDiUM,96148
LONG,MLFQ,45,4357,4376,144610,140207,140253,28.2,19,4566,LARGE,140253
LONG,MLFQ,46,4410,4418,107538,103090,103128,42.0,8,2289,MEDiUM,103128
LONG,MLFQ,47,4794,4796,135142,130323,130348,34.6,2,3482,MEDiUM,130348
LONG,MLFQ,48,4802,4817,80507,75664,75705,46.4,15,1525,MEDiUM,75705
LONG,MLFQ,49,4896,4901,105995,101053,101099,42.3,5,2240,MEDiUM,101099
LONG,RR,0,71,71,139383,139290,139312,31.1,0,4261,LARGE,139312
LONG,RR,1,181,218,44671,44415,44490,40.9,37,1057,MEDiUM,44490
LONG,RR,2,221,281,127242,126927,127021,36.8,60,3293,MEDiUM,127021
LONG,RR,3,248,323,144330,143981,144082,28.9,75,4745,LARGE,144082
LONG,RR,4,261,365,63869,63463,63608,43.8,104,1400,MEDiUM,63608
LONG,RR,5,425,533,127458,126899,127033,37.3,108,3245,MEDiUM,127033
LONG,RR,6,446,575,60971,60358,60525,45.0,129,1297,MEDiUM,60525
LONG,RR,7,707,869,140920,140010,140213,31.9,162,4200,LARGE,140213
LONG,RR,8,717,890,60953,60030,60236,46.2,173,1252,MEDiUM,60236
LONG,RR,9,819,1016,144177,143139,143358,29.5,197,4621,LARGE,143358
LONG,RR,10,820,1037,101053,99978,100233,42.9,217,2237,MEDiUM,100233
LONG,RR,11,1033,1268,65925,64618,64892,46.6,235,1338,MEDiUM,64892
LONG,RR,12,1105,1373,61811,60397,60706,47.2,268,1240,MEDiUM,60706
LONG,RR,13,1108,1394,55890,54471,54782,47.2,286,1104,MEDiUM,54782
LONG,RR,14,1281,1583,132628,131004,131347,36.5,302,3440,MEDiUM,131347
LONG,RR,15,1364,1688,118884,117155,117520,40.1,324,2800,MEDiUM,117520
LONG,RR,16,1386,1730,144944,143175,143558,28.6,344,4778,LARGE,143558
LONG,RR,17,1548,1919,100231,98281,98683,43.7,371,2150,MEDiUM,98683
LONG,RR,18,1575,1961,122226,120242,120651,39.5,386,2902,MEDiUM,120651
LONG,RR,19,1717,2129,135181,133022,133464,35.6,412,3569,MEDiUM,133464
LONG,RR,20,1756,2192,87464,85246,85708,45.6,436,1785,MEDiUM,85708
LONG,RR,21,1818,2276,83615,81315,81797,46.1,458,1683,MEDiUM,81797
LONG,RR,22,1947,2423,143944,141480,141997,29.9,476,4520,LARGE,141997
LONG,RR,23,2356,2843,129667,126791,127311,37.7,487,3212,MEDiUM,127311
LONG,RR,24,2360,2864,133824,130926,131464,36.2,504,3453,MEDiUM,131464
LONG,RR,25,2631,3158,145296,142107,142665,27.2,527,4990,LARGE,142665
LONG,RR,26,2980,3536,124662,121085,121682,39.2,556,2960,MEDiUM,121682
LONG,RR,27,2993,3578,113305,109704,110312,41.8,585,2502,MEDiUM,110312
LONG,RR,28,3098,3704,139129,135387,136031,33.6,606,3857,MEDiUM,136031
LONG,RR,29,3099,3725,69905,66149,66806,48.4,626,1310,MEDiUM,66806
LONG,RR,30,3158,3788,103895,100080,100737,43.7,630,2186,MEDiUM,100737
LONG,RR,31,3322,3977,132844,128841,129522,36.7,655,3345,MEDiUM,129522
LONG,RR,32,3384,4061,113113,109022,109729,41.8,677,2489,MEDiUM,109729
LONG,RR,33,3426,4124,60247,56093,56821,49.5,698,1089,MEDiUM,56821
LONG,RR,34,3604,4334,145075,140716,141471,28.3,730,4744,LARGE,141471
LONG,RR,35,3614,4355,99695,95307,96081,44.5,741,2052,MEDiUM,96081
LONG,RR,36,3616,4376,79157,74749,75541,47.4,760,1511,MEDiUM,75541
LONG,RR,37,3637,4418,126598,122156,122961,38.7,781,3003,MEDiUM,122961
LONG,RR,38,3651,4460,88048,83551,84397,46.2,809,1736,MEDiUM,84397
LONG,RR,39,3693,4523,82645,78085,78952,47.0,830,1596,MEDiUM,78952
LONG,RR,40,3694,4544,140080,135512,136386,32.9,850,3923,MEDiUM,136386
LONG,RR,41,4034,4901,118002,113067,113968,40.8,867,2653,MEDiUM,113968
LONG,RR,42,4127,5027,135003,129953,130876,35.7,900,3462,MEDiUM,130876
LONG,RR,43,4155,5069,129360,124259,125205,37.9,914,3131,MEDiUM,125205
LONG,RR,44,4299,5237,101035,95772,96736,44.2,938,2065,MEDiUM,96736
LONG,RR,45,4357,5321,144652,139304,140295,29.1,964,4566,LARGE,140295
LONG,RR,46,4410,5384,108105,102691,103695,42.9,974,2289,MEDiUM,103695
LONG,RR,47,4794,5783,135478,129672,130684,35.5,989,3482,MEDiUM,130684
LONG,RR,48,4802,5825,81179,75328,76377,47.2,1023,1525,MEDiUM,76377
LONG,RR,49,4896,5930,106541,100570,101645,43.1,1034,2240,MEDiUM,101645
STOL,CFS,0,75,75,25566,25469,25491,33.5,0,335,SMALL,25491
STOL,CFS,1,91,96,16364,16256,16273,31.8,5,199,SMALL,16273
STOL,CFS,2,166,172,20376,20195,20210,33.1,6,255,SMALL,20210
STOL,CFS,3,332,338,525,180,193,4.7,6,75,SMALL,193
STOL,CFS,4,363,368,32232,31858,31869,30.9,5,449,SMALL,31869
STOL,CFS,5,532,539,566,20,34,5.0,7,22,SMALL,34
STOL,CFS,6,798,799,990,185,192,5.7,1,65,SMALL,192
STOL,CFS,7,824,824,14366,13536,13542,36.5,0,173,SMALL,13542
STOL,CFS,8,866,869,898,24,32,7.0,3,22,SMALL,32
STOL,CFS,9,1002,1006,33206,32194,32204,33.3,4,467,SMALL,32204
STOL,CFS,10,1049,1051,12768,11712,11719,35.1,2,153,SMALL,11719
STOL,CFS,11,1129,1132,1225,88,96,8.0,3,55,SMALL,96
STOL,CFS,12,1231,1234,16448,15209,15217,36.6,3,200,SMALL,15217
STOL,CFS,13,1247,1250,29264,28009,28017,34.3,3,396,SMALL,28017
STOL,CFS,14,1388,1390,15384,13990,13996,35.1,2,186,SMALL,13996
STOL,CFS,15,1405,1405,7834,6425,6429,24.4,0,92,SMALL,6429
STOL,CFS,16,1475,1477,28918,27437,27443,34.1,2,390,SMALL,27443
STOL,CFS,17,1588,1588,26938,25346,25350,34.6,0,357,SMALL,25350
STOL,CFS,18,1654,1654,21408,19750,19754,35.8,0,270,SMALL,19754
STOL,CFS,19,1722,1723,21542,19815,19820,35.8,1,272,SMALL,19820
STOL,CFS,20,1859,1861,8484,6619,6625,28.6,2,100,SMALL,6625
STOL,CFS,21,1993,1993,12192,10195,10199,34.9,0,146,SMALL,10199
STOL,CFS,22,2118,2118,12782,10660,10664,35.6,0,153,SMALL,10664
STOL,CFS,23,2286,2288,19340,17048,17054,36.6,2,240,SMALL,17054
STOL,CFS,24,2557,2558,33988,31427,31431,34.0,1,482,SMALL,31431
STOL,CFS,25,2591,2592,136726,134128,134135,22.0,1,3913,MEDiUM,134135
STOL,CFS,26,2666,2666,60992,58323,58326,29.3,0,1022,MEDiUM,58326
STOL,CFS,27,2703,2704,117545,114837,114842,24.8,1,2535,MEDiUM,114842
STOL,CFS,28,2707,2708,65364,62653,62657,28.9,1,1113,MEDiUM,62657
STOL,CFS,29,2784,2784,118673,115885,115889,24.7,0,2585,MEDiUM,115889
STOL,CFS,30,2841,2842,134596,131749,131755,22.5,1,3552,MEDiUM,131755
STOL,CFS,31,2997,2998,106017,103015,103020,25.8,1,2059,MEDiUM,103020
STOL,CFS,32,3161,3162,134180,131014,131019,22.6,1,3512,MEDiUM,131019
STOL,CFS,33,3207,3208,131562,128350,128355,23.0,1,3295,MEDiUM,128355
STOL,CFS,34,3245,3246,129942,126692,126697,23.3,1,3187,MEDiUM,126697
STOL,CFS,35,3263,3264,107864,104597,104601,25.7,1,2130,MEDiUM,104601
STOL,CFS,36,3446,3446,137571,134110,134125,21.8,0,4502,LARGE,134125
STOL,CFS,37,3511,3512,104122,100607,100611,26.1,1,1990,MEDiUM,100611
STOL,CFS,38,3578,3578,129483,125901,125905,23.4,0,3160,MEDiUM,125905
STOL,CFS,39,3597,3598,103724,100123,100127,26.1,1,1980,MEDiUM,100127
STOL,CFS,40,4008,4008,136997,132983,132989,22.1,0,3990,MEDiUM,132989
STOL,CFS,41,4147,4148,122898,118747,118751,24.4,1,2793,MEDiUM,118751
STOL,CFS,42,4152,4152,95328,91173,91176,26.8,0,1780,MEDiUM,91176
STOL,CFS,43,4204,4204,135975,131766,131771,22.4,0,3756,MEDiUM,131771
STOL,CFS,44,4451,4452,135176,130720,130725,22.6,1,3627,MEDiUM,130725
STOL,CFS,45,4542,4542,137063,132514,132521,22.1,0,4019,LARGE,132521
STOL,CFS,46,4663,4664,78878,74211,74215,28.2,1,1406,MEDiUM,74215
STOL,CFS,47,4726,4726,120724,115995,115998,24.8,0,2681,MEDiUM,115998
STOL,CFS,48,4751,4752,104811,100055,100060,26.3,1,2014,MEDiUM,100060
STOL,CFS,49,4882,4882,134619,129733,129737,22.8,0,3553,MEDiUM,129737
STOL,MLFQ,0,75,75,2795,2684,2720,6.4,0,335,SMALL,2720
STOL,MLFQ,1,91,96,932,796,841,3.0,5,199,SMALL,841
STOL,MLFQ,2,166,180,2107,1891,1941,6.0,14,255,SMALL,1941
STOL,MLFQ,3,332,348,702,318,370,4.0,16,75,SMALL,370
STOL,MLFQ,4,363,369,10374,9975,10011,19.4,6,449,SMALL,10011
STOL,MLFQ,5,532,537,665,105,133,5.0,5,22,SMALL,133
STOL,MLFQ,6,798,808,1319,485,521,6.0,10,65,SMALL,521
STOL,MLFQ,7,824,829,3200,2337,2376,11.7,5,173,SMALL,2376
STOL,MLFQ,8,866,871,1040,146,174,6.0,5,22,SMALL,174
STOL,MLFQ,9,1002,1017,14313,13268,13311,25.1,15,467,SMALL,13311
STOL,MLFQ,10,1049,1062,3571,2475,2522,14.2,13,153,SMALL,2522
STOL,MLFQ,11,1129,1146,1629,447,500,9.0,17,55,SMALL,500
STOL,MLFQ,12,1231,1251,5986,4694,4755,21.9,20,200,SMALL,4755
STOL,MLFQ,13,1247,1272,12824,11515,11577,26.4,25,396,SMALL,11577
STOL,MLFQ,14,1388,1404,6525,5094,5137,23.7,16,186,SMALL,5137
STOL,MLFQ,15,1405,1425,2934,1476,1529,15.0,20,92,SMALL,1529
STOL,MLFQ,16,1475,1488,13402,11883,11927,27.4,13,390,SMALL,11927
STOL,MLFQ,17,1588,1593,12366,10735,10778,27.6,5,357,SMALL,10778
STOL,MLFQ,18,1654,1672,10036,8333,8382,27.8,18,270,SMALL,8382
STOL,MLFQ,19,1722,1735,10196,8428,8474,28.1,13,272,SMALL,8474
STOL,MLFQ,20,1859,1861,3781,1879,1922,19.4,2,100,SMALL,1922
STOL,MLFQ,21,1993,2008,6518,4483,4525,27.1,15,146,SMALL,4525
STOL,MLFQ,22,2118,2129,6644,4481,4526,27.1,11,153,SMALL,4526
STOL,MLFQ,23,2286,2297,9920,7582,7634,30.1,11,240,SMALL,7634
STOL,MLFQ,24,2557,2570,17802,15209,15245,28.3,13,482,SMALL,15245
STOL,MLFQ,25,2591,2591,78609,75984,76018,17.4,0,3913,MEDiUM,76018
STOL,MLFQ,26,2666,2675,32043,29345,29377,26.1,9,1022,MEDiUM,29377
STOL,MLFQ,27,2703,2717,64183,61430,61480,22.1,14,2535,MEDiUM,61480
STOL,MLFQ,28,2707,2738,34199,31427,31492,25.9,31,1113,MEDiUM,31492
STOL,MLFQ,29,2784,2796,65155,62333,62371,21.9,12,2585,MEDiUM,62371
STOL,MLFQ,30,2841,2859,76666,73774,73825,18.8,18,3552,MEDiUM,73825
STOL,MLFQ,31,2997,2998,56203,53165,53206,23.7,1,2059,MEDiUM,53206
STOL,MLFQ,32,3161,3166,76443,73244,73282,18.8,5,3512,MEDiUM,73282
STOL,MLFQ,33,3207,3222,74372,71114,71165,19.6,15,3295,MEDiUM,71165
STOL,MLFQ,34,3245,3264,73348,70056,70103,19.9,19,3187,MEDiUM,70103
STOL,MLFQ,35,3263,3285,57783,54467,54520,23.4,22,2130,MEDiUM,54520
STOL,MLFQ,36,3446,3453,79588,76112,76142,15.1,7,4502,LARGE,76142
STOL,MLFQ,37,3511,3516,55343,51796,51832,23.8,5,1990,MEDiUM,51832
STOL,MLFQ,38,3578,3593,73004,69370,69426,20.0,15,3160,MEDiUM,69426
STOL,MLFQ,39,3597,3614,54975,51320,51378,23.9,17,1980,MEDiUM,51378
STOL,MLFQ,40,4008,4013,79019,74975,75011,16.9,5,3990,MEDiUM,75011
STOL,MLFQ,41,4147,4160,68678,64484,64531,21.1,13,2793,MEDiUM,64531
STOL,MLFQ,42,4152,4181,50922,46700,46770,24.2,29,1780,MEDiUM,46770
STOL,MLFQ,43,4204,4223,78175,73915,73971,17.8,19,3756,MEDiUM,73971
STOL,MLFQ,44,4451,4454,77570,73088,73119,18.2,3,3627,MEDiUM,73119
STOL,MLFQ,45,4542,4559,79102,74503,74560,16.7,17,4019,LARGE,74560
STOL,MLFQ,46,4663,4664,42879,38188,38216,25.0,1,1406,MEDiUM,38216
STOL,MLFQ,47,4726,4727,67488,62739,62762,21.3,1,2681,MEDiUM,62762
STOL,MLFQ,48,4751,4769,56428,51624,51677,23.6,18,2014,MEDiUM,51677
STOL,MLFQ,49,4882,4895,77142,72213,72260,18.4,13,3553,MEDiUM,72260
STOL,RR,0,75,75,1766,1655,1691,5.6,0,335,SMALL,1691
STOL,RR,1,91,117,848,691,757,4.1,26,199,SMALL,757
STOL,RR,2,166,222,1587,1329,1421,6.1,56,255,SMALL,1421
STOL,RR,3,332,411,762,315,430,5.5,79,75,SMALL,430
STOL,RR,4,363,453,8712,8229,8349,18.8,90,449,SMALL,8349
STOL,RR,5,532,642,765,100,233,5.5,110,22,SMALL,233
STOL,RR,6,798,891,1319,402,521,7.8,93,65,SMALL,521
STOL,RR,7,824,933,2683,1716,1859,11.6,109,173,SMALL,1859
STOL,RR,8,866,975,1103,105,237,7.0,109,22,SMALL,237
STOL,RR,9,1002,1125,13116,11963,12114,25.2,123,467,SMALL,12114
STOL,RR,10,1049,1188,3025,1803,1976,13.9,139,153,SMALL,1976
STOL,RR,11,1129,1293,1750,421,621,12.0,164,55,SMALL,621
STOL,RR,12,1231,1404,4768,3323,3537,19.7,173,200,SMALL,3537
STOL,RR,13,1247,1425,11879,10417,10632,26.6,178,396,SMALL,10632
STOL,RR,14,1388,1588,5447,3832,4059,22.2,200,186,SMALL,4059
STOL,RR,15,1405,1630,2801,1138,1396,15.4,225,92,SMALL,1396
STOL,RR,16,1475,1714,12604,10859,11129,27.6,239,390,SMALL,11129
STOL,RR,17,1588,1809,11547,9700,9959,27.6,221,357,SMALL,9959
STOL,RR,18,1654,1914,9332,7387,7678,27.8,260,270,SMALL,7678
STOL,RR,19,1722,1998,9534,7503,7812,28.1,276,272,SMALL,7812
STOL,RR,20,1859,2124,3655,1490,1796,20.4,265,100,SMALL,1796
STOL,RR,21,1993,2271,5937,3639,3944,26.5,278,146,SMALL,3944
STOL,RR,22,2118,2418,6329,3877,4211,27.9,300,153,SMALL,4211
STOL,RR,23,2286,2607,9521,6873,7235,30.3,321,240,SMALL,7235
STOL,RR,24,2557,2886,17487,14578,14930,29.0,329,482,SMALL,14930
STOL,RR,25,2591,2949,78546,75563,75955,18.5,358,3913,MEDiUM,75955
STOL,RR,26,2666,3026,31791,28742,29125,26.9,360,1022,MEDiUM,29125
STOL,RR,27,2703,3068,63973,60869,61270,23.0,365,2535,MEDiUM,61270
STOL,RR,28,2707,3110,33905,30761,31198,26.7,403,1113,MEDiUM,31198
STOL,RR,29,2784,3194,65050,61830,62266,22.8,410,2585,MEDiUM,62266
STOL,RR,30,2841,3257,76603,73313,73762,19.7,416,3552,MEDiUM,73762
STOL,RR,31,2997,3446,56077,52591,53080,24.6,449,2059,MEDiUM,53080
STOL,RR,32,3161,3614,76422,72775,73261,19.8,453,3512,MEDiUM,73261
STOL,RR,33,3207,3677,74351,70638,71144,20.5,470,3295,MEDiUM,71144
STOL,RR,34,3245,3740,73306,69538,70061,20.8,495,3187,MEDiUM,70061
STOL,RR,35,3263,3782,57804,53991,54541,24.3,519,2130,MEDiUM,54541
STOL,RR,36,3446,3971,79588,75594,76142,16.0,525,4502,LARGE,76142
STOL,RR,37,3511,4076,55322,51215,51811,24.7,565,1990,MEDiUM,51811
STOL,RR,38,3578,4160,72983,68782,69405,20.9,582,3160,MEDiUM,69405
STOL,RR,39,3597,4202,54996,50753,51399,24.7,605,1980,MEDiUM,51399
STOL,RR,40,4008,4601,79040,74408,75032,17.8,593,3990,MEDiUM,75032
STOL,RR,41,4147,4769,68678,63875,64531,21.9,622,2793,MEDiUM,64531
STOL,RR,42,4152,4790,50985,46154,46833,25.0,638,1780,MEDiUM,46833
STOL,RR,43,4204,4874,78196,73285,73992,18.7,670,3756,MEDiUM,73992
STOL,RR,44,4451,5126,77570,72416,73119,19.1,675,3627,MEDiUM,73119
STOL,RR,45,4542,5252,79102,73810,74560,17.6,710,4019,LARGE,74560
STOL,RR,46,4663,5378,43005,37600,38342,25.6,715,1406,MEDiUM,38342
STOL,RR,47,4726,5448,67572,62102,62846,22.1,722,2681,MEDiUM,62846
STOL,RR,48,4751,5490,56533,51008,51782,24.3,739,2014,MEDiUM,51782
STOL,RR,49,4882,5637,77184,71513,72302,19.2,755,3553,MEDiUM,72302
LTOS,CFS,0,40,40,66189,66127,66149,27.4,0,1114,MEDiUM,66149
LTOS,CFS,1,167,187,135109,134909,134942,21.4,20,3653,MEDiUM,134942
LTOS,CFS,2,212,220,132722,132493,132510,21.8,8,3466,MEDiUM,132510
LTOS,CFS,3,519,532,133925,133385,133406,22.4,13,3547,MEDiUM,133406
LTOS,CFS,4,564,568,104720,104146,104156,25.4,4,2180,MEDiUM,104156
LTOS,CFS,5,593,593,79407,78808,78814,27.7,0,1395,MEDiUM,78814
LTOS,CFS,6,605,608,140672,140041,140067,20.9,3,4866,LARGE,140067
LTOS,CFS,7,622,624,138135,137505,137513,21.6,2,4033,LARGE,137513
LTOS,CFS,8,638,640,127551,126905,126913,23.2,2,3183,MEDiUM,126913
LTOS,CFS,9,843,844,138855,138005,138012,21.4,1,4183,LARGE,138012
LTOS,CFS,10,902,904,140387,139479,139485,21.0,2,4627,LARGE,139485
LTOS,CFS,11,914,916,90545,89625,89631,26.4,2,1666,MEDiUM,89631
LTOS,CFS,12,1016,1018,128418,127395,127402,23.1,2,3228,MEDiUM,127402
LTOS,CFS,13,1217,1219,138122,136899,136905,21.6,2,4029,LARGE,136905
LTOS,CFS,14,1319,1321,117889,116563,116570,24.2,2,2724,MEDiUM,116570
LTOS,CFS,15,1323,1324,136001,134671,134678,22.1,1,3749,MEDiUM,134678
LTOS,CFS,16,1349,1351,118074,116719,116725,24.2,2,2731,MEDiUM,116725
LTOS,CFS,17,1526,1528,95502,93970,93976,26.2,2,1839,MEDiUM,93976
LTOS,CFS,18,1560,1561,140452,138884,138892,21.0,1,4659,LARGE,138892
LTOS,CFS,19,1702,1702,72707,71002,71005,28.2,0,1249,MEDiUM,71005
LTOS,CFS,20,1745,1746,81097,79348,79352,27.5,1,1433,MEDiUM,79352
LTOS,CFS,21,1925,1926,134306,132377,132381,22.5,1,3576,MEDiUM,132381
LTOS,CFS,22,1928,1928,107293,105362,105365,25.2,0,2281,MEDiUM,105365
LTOS,CFS,23,2214,2214,132717,130499,130503,22.7,0,3466,MEDiUM,130503
LTOS,CFS,24,2350,2350,84045,81692,81695,27.3,0,1503,MEDiUM,81695
LTOS,CFS,25,2419,2420,2451,28,32,26.0,1,16,SMALL,32
LTOS,CFS,26,2505,2506,22293,19784,19788,36.0,1,285,SMALL,19788
LTOS,CFS,27,2679,2680,4083,1400,1404,31.8,1,56,SMALL,1404
LTOS,CFS,28,2695,2696,7007,4308,4312,35.7,1,77,SMALL,4312
LTOS,CFS,29,2719,2720,17065,14342,14346,38.3,1,209,SMALL,14346
LTOS,CFS,30,2799,2800,34891,32088,32092,34.7,1,488,SMALL,32092
LTOS,CFS,31,2933,2934,18077,15140,15144,38.5,1,223,SMALL,15144
LTOS,CFS,32,2950,2950,8819,5866,5869,38.5,0,99,SMALL,5869
LTOS,CFS,33,3050,3050,3413,360,363,33.1,0,41,SMALL,363
LTOS,CFS,34,3211,3212,25993,22778,22782,37.0,1,341,SMALL,22782
LTOS,CFS,35,3259,3260,35437,32174,32178,34.9,1,498,SMALL,32178
LTOS,CFS,36,3436,3436,35007,31568,31571,35.0,0,490,SMALL,31571
LTOS,CFS,37,3495,3496,6769,3270,3274,38.7,1,74,SMALL,3274
LTOS,CFS,38,3610,3610,11183,7570,7573,40.9,0,129,SMALL,7573
LTOS,CFS,39,3880,3880,12589,8706,8709,41.0,0,148,SMALL,8709
LTOS,CFS,40,4132,4132,11779,7644,7647,41.2,0,137,SMALL,7647
LTOS,CFS,41,4331,4332,30967,26632,26636,36.4,1,421,SMALL,26636
LTOS,CFS,42,4487,4488,26193,21702,21706,38.4,1,344,SMALL,21706
LTOS,CFS,43,4543,4544,10277,5730,5734,45.0,1,117,SMALL,5734
LTOS,CFS,44,4545,4546,12883,8334,8338,43.8,1,152,SMALL,8338
LTOS,CFS,45,4570,4570,6611,2038,2041,46.0,0,72,SMALL,2041
LTOS,CFS,46,4585,4586,10281,5692,5696,45.1,1,117,SMALL,5696
LTOS,CFS,47,4628,4628,35333,30702,30705,36.1,0,496,SMALL,30705
LTOS,CFS,48,4787,4788,32171,27380,27384,37.1,1,441,SMALL,27384
LTOS,CFS,49,4962,4962,18093,13128,13131,41.9,0,223,SMALL,13131
LTOS,MLFQ,0,40,40,28116,28041,28076,22.6,0,1114,MEDiUM,28076
LTOS,MLFQ,1,167,187,78073,77852,77906,19.2,20,3653,MEDiUM,77906
LTOS,MLFQ,2,212,229,76127,75871,75915,19.7,17,3466,MEDiUM,75915
LTOS,MLFQ,3,519,523,78144,77593,77625,19.7,4,3547,MEDiUM,77625
LTOS,MLFQ,4,564,565,57188,56582,56624,23.6,1,2180,MEDiUM,56624
LTOS,MLFQ,5,593,607,41372,40729,40779,26.6,14,1395,MEDiUM,40779
LTOS,MLFQ,6,605,628,84142,83487,83537,15.2,23,4866,LARGE,83537
LTOS,MLFQ,7,622,649,81636,80953,81014,18.0,27,4033,LARGE,81014
LTOS,MLFQ,8,638,670,73885,73191,73247,20.7,32,3183,MEDiUM,73247
LTOS,MLFQ,9,843,859,82448,81565,81605,17.4,16,4183,LARGE,81605
LTOS,MLFQ,10,902,922,83863,82913,82961,16.0,20,4627,LARGE,82961
LTOS,MLFQ,11,914,943,48222,47252,47308,25.8,29,1666,MEDiUM,47308
LTOS,MLFQ,12,1016,1027,74860,73804,73844,20.7,11,3228,MEDiUM,73844
LTOS,MLFQ,13,1217,1237,81919,80652,80702,18.0,20,4029,LARGE,80702
LTOS,MLFQ,14,1319,1321,67842,66496,66523,22.1,2,2724,MEDiUM,66523
LTOS,MLFQ,15,1323,1342,80215,78843,78892,18.9,19,3749,MEDiUM,78892
LTOS,MLFQ,16,1349,1363,67875,66480,66526,22.1,14,2731,MEDiUM,66526
LTOS,MLFQ,17,1526,1531,52148,50577,50622,25.2,5,1839,MEDiUM,50622
LTOS,MLFQ,18,1560,1573,83988,82375,82428,15.8,13,4659,LARGE,82428
LTOS,MLFQ,19,1702,1720,39739,37989,38037,27.8,18,1249,MEDiUM,38037
LTOS,MLFQ,20,1745,1762,44032,42236,42287,27.0,17,1433,MEDiUM,42287
LTOS,MLFQ,21,1925,1930,79092,77125,77167,19.5,5,3576,MEDiUM,77167
LTOS,MLFQ,22,1928,1951,60949,58976,59021,23.5,23,2281,MEDiUM,59021
LTOS,MLFQ,23,2214,2224,78340,76089,76126,19.8,10,3466,MEDiUM,76126
LTOS,MLFQ,24,2350,2350,46304,43930,43954,26.7,0,1503,MEDiUM,43954
LTOS,MLFQ,25,2419,2434,2450,0,31,25.0,15,16,SMALL,31
LTOS,MLFQ,26,2505,2514,14258,11718,11753,37.4,9,285,SMALL,11753
LTOS,MLFQ,27,2679,2682,4273,1554,1594,33.0,3,56,SMALL,1594
LTOS,MLFQ,28,2695,2703,5301,2560,2606,36.5,8,77,SMALL,2606
LTOS,MLFQ,29,2719,2724,11535,8781,8816,39.0,5,209,SMALL,8816
LTOS,MLFQ,30,2799,2808,21206,18369,18407,34.8,9,488,SMALL,18407
LTOS,MLFQ,31,2933,2934,12547,9589,9614,39.0,1,223,SMALL,9614
LTOS,MLFQ,32,2950,2955,6701,3706,3751,40.4,5,99,SMALL,3751
LTOS,MLFQ,33,3050,3060,4863,1781,1813,38.3,10,41,SMALL,1813
LTOS,MLFQ,34,3211,3228,17032,13782,13821,36.9,17,341,SMALL,13821
LTOS,MLFQ,35,3259,3270,21584,18275,18325,34.8,11,498,SMALL,18325
LTOS,MLFQ,36,3436,3438,21721,18252,18285,34.8,2,490,SMALL,18285
LTOS,MLFQ,37,3495,3501,6324,2788,2829,41.2,6,74,SMALL,2829
LTOS,MLFQ,38,3610,3627,9202,5545,5592,41.7,17,129,SMALL,5592
LTOS,MLFQ,39,3880,3900,10378,6449,6498,41.5,20,148,SMALL,6498
LTOS,MLFQ,40,4132,4152,9823,5633,5691,42.3,20,137,SMALL,5691
LTOS,MLFQ,41,4331,4337,20504,16145,16173,35.4,6,421,SMALL,16173
LTOS,MLFQ,42,4487,4505,18024,13494,13537,36.6,18,344,SMALL,13537
LTOS,MLFQ,43,4543,4547,9262,4677,4719,42.8,4,117,SMALL,4719
LTOS,MLFQ,44,4545,4568,10937,6336,6392,41.4,23,152,SMALL,6392
LTOS,MLFQ,45,4570,4589,7491,2869,2921,44.0,19,72,SMALL,2921
LTOS,MLFQ,46,4585,4610,9301,4653,4716,42.8,25,117,SMALL,4716
LTOS,MLFQ,47,4628,4631,22389,17721,17761,34.2,3,496,SMALL,17761
LTOS,MLFQ,48,4787,4799,21376,16555,16589,35.0,12,441,SMALL,16589
LTOS,MLFQ,49,4962,4969,14210,9217,9248,38.9,7,223,SMALL,9248
LTOS,RR,0,40,40,26730,26655,26690,23.3,0,1114,MEDiUM,26690
LTOS,RR,1,167,208,77632,77390,77465,20.3,41,3653,MEDiUM,77465
LTOS,RR,2,212,271,75875,75577,75663,20.9,59,3466,MEDiUM,75663
LTOS,RR,3,519,586,77850,77236,77331,20.8,67,3547,MEDiUM,77331
LTOS,RR,4,564,649,57020,56330,56456,24.9,85,2180,MEDiUM,56456
LTOS,RR,5,593,712,41078,40330,40485,28.0,119,1395,MEDiUM,40485
LTOS,RR,6,605,733,84142,83382,83537,16.4,128,4866,LARGE,83537
LTOS,RR,7,622,775,81594,80785,80972,19.2,153,4033,LARGE,80972
LTOS,RR,8,638,817,73843,73002,73205,21.9,179,3183,MEDiUM,73205
LTOS,RR,9,843,1048,82448,81376,81605,18.6,205,4183,LARGE,81605
LTOS,RR,10,902,1132,83842,82682,82940,17.1,230,4627,LARGE,82940
LTOS,RR,11,914,1153,48264,47084,47350,27.1,239,1666,MEDiUM,47350
LTOS,RR,12,1016,1279,74965,73657,73949,21.8,263,3228,MEDiUM,73949
LTOS,RR,13,1217,1510,81919,80379,80702,19.1,293,4029,LARGE,80702
LTOS,RR,14,1319,1615,68010,66370,66691,23.3,296,2724,MEDiUM,66691
LTOS,RR,15,1323,1657,80278,78591,78955,20.1,334,3749,MEDiUM,78955
LTOS,RR,16,1349,1699,68085,66354,66736,23.3,350,2731,MEDiUM,66736
LTOS,RR,17,1526,1888,52358,50430,50832,26.5,362,1839,MEDiUM,50832
LTOS,RR,18,1560,1951,84009,82018,82449,16.9,391,4659,LARGE,82449
LTOS,RR,19,1702,2119,40075,37926,38373,29.3,417,1249,MEDiUM,38373
LTOS,RR,20,1745,2182,44326,42110,42581,28.3,437,1433,MEDiUM,42581
LTOS,RR,21,1925,2371,79197,76789,77272,20.6,446,3576,MEDiUM,77272
LTOS,RR,22,1928,2392,61222,58808,59294,24.6,464,2281,MEDiUM,59294
LTOS,RR,23,2214,2707,78445,75711,76231,20.9,493,3466,MEDiUM,76231
LTOS,RR,24,2350,2854,46703,43825,44353,27.9,504,1503,MEDiUM,44353
LTOS,RR,25,2419,2959,2975,0,556,33.0,540,16,SMALL,556
LTOS,RR,26,2505,3060,14758,11672,12253,39.8,555,285,SMALL,12253
LTOS,RR,27,2679,3249,4798,1512,2119,40.0,570,56,SMALL,2119
LTOS,RR,28,2695,3291,5826,2497,3131,42.0,596,77,SMALL,3131
LTOS,RR,29,2719,3333,12102,8739,9383,41.6,614,209,SMALL,9383
LTOS,RR,30,2799,3438,21836,18369,19037,36.6,639,488,SMALL,19037
LTOS,RR,31,2933,3585,13156,9547,10223,41.3,652,223,SMALL,10223
LTOS,RR,32,2950,3627,7247,3580,4297,43.6,677,99,SMALL,4297
LTOS,RR,33,3050,3732,5409,1655,2359,42.7,682,41,SMALL,2359
LTOS,RR,34,3211,3921,17704,13761,14493,38.7,710,341,SMALL,14493
LTOS,RR,35,3259,3984,22277,18254,19018,36.4,725,498,SMALL,19018
LTOS,RR,36,3436,4173,22414,18210,18978,36.2,737,490,SMALL,18978
LTOS,RR,37,3495,4257,7059,2767,3564,45.0,762,74,SMALL,3564
LTOS,RR,38,3610,4404,9979,5545,6369,44.3,794,129,SMALL,6369
LTOS,RR,39,3880,4698,11155,6428,7275,43.6,818,148,SMALL,7275
LTOS,RR,40,4132,4967,10600,5595,6468,44.3,835,137,SMALL,6468
LTOS,RR,41,4331,5177,21323,16124,16992,36.7,846,421,SMALL,16992
LTOS,RR,42,4487,5345,18822,13452,14335,37.8,858,344,SMALL,14335
LTOS,RR,43,4543,5410,10102,4654,5559,44.3,867,117,SMALL,5559
LTOS,RR,44,4545,5431,11777,6313,7232,42.8,886,152,SMALL,7232
LTOS,RR,45,4570,5473,8352,2846,3782,45.2,903,72,SMALL,3782
LTOS,RR,46,4585,5515,10183,4630,5598,44.0,930,117,SMALL,5598
LTOS,RR,47,4628,5578,23271,17656,18643,35.1,950,496,SMALL,18643
LTOS,RR,48,4787,5746,22258,16490,17471,35.8,959,441,SMALL,17471
LTOS,RR,49,4962,5932,15119,9163,10157,39.7,970,223,SMALL,10157
