plist configuration,scheduler,instantiation times,start_times,finish times,total wait times,turnaround times,average queue lengths,response times
RAND,FCFS,1,1,481,462,480,22.5,0
RAND,FCFS,2,482,1271,770,789,48.8,480
RAND,FCFS,2,1272,1553,264,281,48.0,1270
RAND,FCFS,2,1554,1960,385,406,47.0,1552
RAND,FCFS,3,1961,2714,737,753,46.0,1958
RAND,FCFS,4,2715,2905,176,190,45.0,2711
RAND,FCFS,4,2906,3763,836,857,44.0,2902
RAND,FCFS,4,3764,4538,759,774,43.0,3760
RAND,FCFS,5,4539,5143,583,604,42.0,4534
RAND,FCFS,5,5144,5876,715,732,41.0,5139
RAND,FCFS,5,5877,5916,22,39,40.0,5872
RAND,FCFS,6,5917,5938,0,21,39.0,5911
RAND,FCFS,6,5939,6993,1034,1054,38.0,5933
RAND,FCFS,6,6994,7374,363,380,37.0,6988
RAND,FCFS,6,7375,7955,561,580,36.0,7369
RAND,FCFS,6,7956,8980,1012,1024,35.0,7950
RAND,FCFS,6,8981,9530,528,549,34.0,8975
RAND,FCFS,7,9531,10342,792,811,33.0,9524
RAND,FCFS,7,10343,11372,1012,1029,32.0,10336
RAND,FCFS,7,11373,12465,1078,1092,31.0,11366
RAND,FCFS,8,12466,12903,418,437,30.0,12458
RAND,FCFS,8,12904,13031,110,127,29.0,12896
RAND,FCFS,9,13032,13178,132,146,28.0,13023
RAND,FCFS,9,13179,14029,836,850,27.0,13170
RAND,FCFS,9,14030,14689,638,659,26.0,14021
RAND,FCFS,10,14690,15250,539,560,25.0,14680
RAND,FCFS,10,15251,16233,968,982,24.0,15241
RAND,FCFS,10,16234,17018,770,784,23.0,16224
RAND,FCFS,11,17019,17551,517,532,22.0,17008
RAND,FCFS,12,17552,17701,132,149,21.0,17540
RAND,FCFS,13,17702,18119,396,417,20.0,17689
RAND,FCFS,13,18120,18655,517,535,19.0,18107
RAND,FCFS,14,18656,19253,583,597,18.0,18642
RAND,FCFS,14,19254,19278,11,24,17.0,19240
RAND,FCFS,14,19279,19390,99,111,16.0,19265
RAND,FCFS,15,19391,19784,374,393,15.0,19376
RAND,FCFS,15,19785,20088,286,303,14.0,19770
RAND,FCFS,15,20089,20317,209,228,13.0,20074
RAND,FCFS,16,20318,21028,693,710,12.0,20302
RAND,FCFS,16,21029,21164,121,135,11.0,21013
RAND,FCFS,16,21165,21819,638,654,10.0,21149
RAND,FCFS,16,21820,21987,154,167,9.0,21804
RAND,FCFS,17,21988,22589,583,601,8.0,21971
RAND,FCFS,17,22590,23167,561,577,7.0,22573
RAND,FCFS,17,23168,23556,374,388,6.0,23151
RAND,FCFS,17,23557,23882,308,325,5.0,23540
RAND,FCFS,19,23883,24962,1067,1079,4.0,23864
RAND,FCFS,19,24963,25750,770,787,3.0,24944
RAND,FCFS,19,25751,26321,550,570,2.0,25732
RAND,FCFS,19,26322,26724,385,402,1.0,26303
RAND,CFS,1,1,34482,34469,34481,39.0,0
RAND,CFS,2,12,45444,45425,45432,31.4,10
RAND,CFS,2,18,22290,22266,22272,43.4,16
RAND,CFS,2,23,30518,30490,30495,41.2,21
RAND,CFS,3,27,44622,44591,44595,32.5,24
RAND,CFS,4,30,15748,15714,15718,45.5,26
RAND,CFS,4,33,46208,46170,46175,30.6,29
RAND,CFS,4,36,45120,45080,45084,32.0,32
RAND,CFS,5,39,40224,40181,40185,36.5,34
RAND,CFS,5,42,44094,44049,44052,33.1,37
RAND,CFS,5,44,3420,3373,3376,48.1,39
RAND,CFS,6,46,1878,1829,1832,48.1,40
RAND,CFS,6,48,47642,47589,47594,28.1,42
RAND,CFS,6,50,28910,28857,28860,41.8,44
RAND,CFS,6,52,39320,39265,39268,37.2,46
RAND,CFS,6,54,47526,47469,47472,28.4,48
RAND,CFS,6,56,37976,37917,37920,38.0,50
RAND,CFS,7,58,45717,45655,45659,31.3,51
RAND,CFS,7,60,47556,47493,47496,28.3,53
RAND,CFS,7,62,47712,47642,47650,27.9,55
RAND,CFS,8,64,32246,32179,32182,40.5,56
RAND,CFS,8,66,10932,10863,10866,47.3,58
RAND,CFS,9,68,12446,12375,12378,46.9,59
RAND,CFS,9,70,46157,46084,46087,30.8,61
RAND,CFS,9,72,42032,41957,41960,35.0,63
RAND,CFS,10,74,38488,38411,38414,37.7,64
RAND,CFS,10,76,47248,47169,47172,28.9,66
RAND,CFS,10,78,45352,45271,45274,31.8,68
RAND,CFS,11,80,37152,37069,37072,38.4,69
RAND,CFS,12,82,12718,12633,12636,46.9,70
RAND,CFS,13,84,31178,31091,31094,41.0,71
RAND,CFS,13,86,37316,37227,37230,38.3,73
RAND,CFS,14,88,39968,39877,39880,36.8,74
RAND,CFS,14,90,2118,2025,2028,49.1,76
RAND,CFS,14,92,9574,9479,9482,47.6,78
RAND,CFS,15,94,29776,29679,29682,41.6,79
RAND,CFS,15,96,23862,23763,23766,43.3,81
RAND,CFS,15,98,18598,18497,18500,44.8,83
RAND,CFS,16,100,43510,43407,43410,33.7,84
RAND,CFS,16,102,11594,11489,11492,47.3,86
RAND,CFS,16,104,41868,41761,41764,35.2,88
RAND,CFS,16,106,14080,13971,13974,46.4,90
RAND,CFS,17,108,40134,40023,40026,36.7,91
RAND,CFS,17,110,39212,39099,39102,37.3,93
RAND,CFS,17,112,29444,29329,29332,41.7,95
RAND,CFS,17,114,25354,25237,25240,42.9,97
RAND,CFS,19,116,47699,47577,47583,28.0,97
RAND,CFS,19,118,45422,45301,45304,31.7,99
RAND,CFS,19,120,38940,38817,38820,37.5,101
RAND,CFS,19,122,30320,30195,30198,41.4,103
RAND,MLFQ,1,1,18573,18554,18572,36.7,0
RAND,MLFQ,2,23,24829,24787,24806,29.8,21
RAND,MLFQ,2,34,11706,11655,11672,39.7,32
RAND,MLFQ,2,56,16547,16470,16491,38.4,54
RAND,MLFQ,3,78,24545,24451,24467,30.7,75
RAND,MLFQ,4,89,8269,8166,8180,40.9,85
RAND,MLFQ,4,111,25459,25327,25348,28.2,107
RAND,MLFQ,4,122,24856,24719,24734,30.3,118
RAND,MLFQ,5,144,22054,21889,21910,34.8,139
RAND,MLFQ,5,166,24165,23982,23999,31.5,161
RAND,MLFQ,5,177,1338,1144,1161,34.8,172
RAND,MLFQ,6,199,341,121,142,24.0,193
RAND,MLFQ,6,221,26619,26378,26398,23.9,215
RAND,MLFQ,6,232,15929,15680,15697,39.8,226
RAND,MLFQ,6,254,21641,21368,21387,35.7,248
RAND,MLFQ,6,265,26536,26259,26271,24.4,259
RAND,MLFQ,6,287,20575,20267,20288,36.6,281
RAND,MLFQ,7,309,25151,24823,24842,29.8,302
RAND,MLFQ,7,320,26554,26217,26234,24.5,313
RAND,MLFQ,7,342,26722,26366,26380,23.1,335
RAND,MLFQ,8,353,17520,17148,17167,39.2,345
RAND,MLFQ,8,375,5693,5301,5318,45.2,367
RAND,MLFQ,9,397,6843,6432,6446,45.1,388
RAND,MLFQ,9,408,25562,25140,25154,28.6,399
RAND,MLFQ,9,430,23034,22583,22604,33.9,421
RAND,MLFQ,10,452,21138,20665,20686,36.6,442
RAND,MLFQ,10,463,26369,25892,25906,25.5,453
RAND,MLFQ,10,485,25025,24526,24540,30.5,475
RAND,MLFQ,11,496,20756,20245,20260,37.2,485
RAND,MLFQ,12,518,6916,6381,6398,45.8,506
RAND,MLFQ,13,540,16987,16426,16447,40.1,527
RAND,MLFQ,13,551,20764,20195,20213,37.2,538
RAND,MLFQ,14,573,22278,21691,21705,35.5,559
RAND,MLFQ,14,595,1803,1195,1208,47.7,581
RAND,MLFQ,14,606,5937,5319,5331,46.3,592
RAND,MLFQ,15,628,16301,15654,15673,40.5,613
RAND,MLFQ,15,639,13110,12454,12471,42.1,624
RAND,MLFQ,15,661,10566,9886,9905,43.6,646
RAND,MLFQ,16,683,24092,23392,23409,32.3,667
RAND,MLFQ,16,694,7008,6300,6314,45.7,678
RAND,MLFQ,16,716,23117,22385,22401,33.7,700
RAND,MLFQ,16,727,7968,7228,7241,44.8,711
RAND,MLFQ,17,749,22330,21563,21581,35.2,732
RAND,MLFQ,17,771,21911,21124,21140,35.8,754
RAND,MLFQ,17,782,16404,15608,15622,40.2,765
RAND,MLFQ,17,804,14052,13231,13248,41.3,787
RAND,MLFQ,19,826,26724,25886,25898,23.0,807
RAND,MLFQ,19,837,25065,24211,24228,30.0,818
RAND,MLFQ,19,859,21511,20632,20652,36.0,840
RAND,MLFQ,19,870,17192,16305,16322,39.8,851
SHORT,FCFS,0,0,386,374,386,18.5,0
SHORT,FCFS,0,387,601,198,214,44.5,387
SHORT,FCFS,0,602,631,11,29,48.0,602
SHORT,FCFS,0,632,974,330,342,47.0,632
SHORT,FCFS,0,975,1181,187,206,46.0,975
SHORT,FCFS,1,1182,1220,22,38,45.0,1181
SHORT,FCFS,1,1221,1292,55,71,44.0,1220
SHORT,FCFS,1,1293,1582,275,289,43.0,1292
SHORT,FCFS,1,1583,2073,473,490,42.0,1582
SHORT,FCFS,3,2074,2109,22,35,41.0,2071
SHORT,FCFS,3,2110,2285,154,175,40.0,2107
SHORT,FCFS,3,2286,2685,385,399,39.0,2283
SHORT,FCFS,4,2686,2813,110,127,38.0,2682
SHORT,FCFS,4,2814,3075,242,261,37.0,2810
SHORT,FCFS,5,3076,3344,253,268,36.0,3071
SHORT,FCFS,5,3345,3401,44,56,35.0,3340
SHORT,FCFS,6,3402,3610,187,208,34.0,3396
SHORT,FCFS,6,3611,3664,33,53,33.0,3605
SHORT,FCFS,6,3665,4001,319,336,32.0,3659
SHORT,FCFS,7,4002,4067,44,65,31.0,3995
SHORT,FCFS,7,4068,4491,407,423,30.0,4061
SHORT,FCFS,7,4492,4916,407,424,29.0,4485
SHORT,FCFS,7,4917,5458,528,541,28.0,4910
SHORT,FCFS,8,5459,5791,319,332,27.0,5451
SHORT,FCFS,8,5792,5812,0,20,26.0,5784
SHORT,FCFS,9,5813,5968,143,155,25.0,5804
SHORT,FCFS,9,5969,6347,363,378,24.0,5960
SHORT,FCFS,10,6348,6647,286,299,23.0,6338
SHORT,FCFS,10,6648,6921,253,273,22.0,6638
SHORT,FCFS,11,6922,7345,407,423,21.0,6911
SHORT,FCFS,11,7346,7679,319,333,20.0,7335
SHORT,FCFS,11,7680,7829,132,149,19.0,7669
SHORT,FCFS,12,7830,8027,176,197,18.0,7818
SHORT,FCFS,12,8028,8375,330,347,17.0,8016
SHORT,FCFS,13,8376,8559,165,183,16.0,8363
SHORT,FCFS,13,8560,8598,22,38,15.0,8547
SHORT,FCFS,13,8599,8954,341,355,14.0,8586
SHORT,FCFS,14,8955,9170,198,215,13.0,8941
SHORT,FCFS,14,9171,9560,374,389,12.0,9157
SHORT,FCFS,14,9561,9719,143,158,11.0,9547
SHORT,FCFS,14,9720,10260,528,540,10.0,9706
SHORT,FCFS,15,10261,10582,308,321,9.0,10246
SHORT,FCFS,15,10583,11085,484,502,8.0,10568
SHORT,FCFS,16,11086,11580,473,494,7.0,11070
SHORT,FCFS,17,11581,11807,209,226,6.0,11564
SHORT,FCFS,17,11808,12086,264,278,5.0,11791
SHORT,FCFS,18,12087,12286,187,199,4.0,12069
SHORT,FCFS,18,12287,12563,264,276,3.0,12269
SHORT,FCFS,19,12564,12605,22,41,2.0,12545
SHORT,FCFS,20,12606,12931,308,325,1.0,12586
SHORT,CFS,0,0,22003,21991,22003,30.3,0
SHORT,CFS,0,11,15625,15607,15614,39.7,11
SHORT,CFS,0,17,2545,2522,2528,47.4,17
SHORT,CFS,0,22,21017,20990,20995,33.5,22
SHORT,CFS,0,26,15201,15171,15175,40.4,26
SHORT,CFS,1,29,3315,3282,3286,47.8,28
SHORT,CFS,1,32,5903,5867,5871,45.5,31
SHORT,CFS,1,35,19179,19140,19144,36.3,34
SHORT,CFS,1,38,22930,22888,22892,28.1,37
SHORT,CFS,3,41,3039,2995,2998,48.2,38
SHORT,CFS,3,43,13311,13265,13268,41.7,40
SHORT,CFS,3,45,22191,22142,22146,30.8,42
SHORT,CFS,4,47,9993,9943,9946,43.2,43
SHORT,CFS,4,49,17985,17933,17936,37.8,45
SHORT,CFS,5,51,18299,18245,18248,37.5,46
SHORT,CFS,5,53,4749,4693,4696,46.9,48
SHORT,CFS,6,55,15337,15279,15282,40.4,49
SHORT,CFS,6,57,4579,4519,4522,47.1,51
SHORT,CFS,6,59,20871,20809,20812,34.1,53
SHORT,CFS,7,61,5511,5447,5450,46.2,54
SHORT,CFS,7,63,22458,22391,22395,30.1,56
SHORT,CFS,7,65,22481,22413,22416,30.1,58
SHORT,CFS,7,67,23066,22996,22999,27.5,60
SHORT,CFS,8,69,20745,20673,20676,34.3,61
SHORT,CFS,8,71,1805,1731,1734,48.7,63
SHORT,CFS,9,73,11953,11877,11880,42.5,64
SHORT,CFS,9,75,21859,21781,21784,31.7,66
SHORT,CFS,10,77,19575,19495,19498,36.0,67
SHORT,CFS,10,79,18565,18483,18486,37.3,69
SHORT,CFS,11,81,22467,22382,22386,30.1,70
SHORT,CFS,11,83,20785,20699,20702,34.3,72
SHORT,CFS,11,85,11583,11495,11498,42.7,74
SHORT,CFS,12,87,14717,14627,14630,40.9,75
SHORT,CFS,12,89,21173,21081,21084,33.5,77
SHORT,CFS,13,91,13835,13741,13744,41.5,78
SHORT,CFS,13,93,3371,3275,3278,48.7,80
SHORT,CFS,13,95,21357,21259,21262,33.0,82
SHORT,CFS,14,97,15721,15621,15624,40.1,83
SHORT,CFS,14,99,22077,21975,21978,31.1,85
SHORT,CFS,14,101,12199,12095,12098,42.4,87
SHORT,CFS,14,103,23064,22955,22961,27.6,89
SHORT,CFS,15,105,20389,20281,20284,34.9,90
SHORT,CFS,15,107,22983,22871,22876,28.0,92
SHORT,CFS,16,109,22957,22844,22848,28.1,93
SHORT,CFS,17,111,16293,16179,16182,39.6,94
SHORT,CFS,17,113,18775,18659,18662,37.1,96
SHORT,CFS,18,115,14805,14687,14690,40.9,97
SHORT,CFS,18,117,18683,18563,18566,37.2,99
SHORT,CFS,19,119,3667,3545,3548,48.7,100
SHORT,CFS,20,121,20547,20423,20426,34.7,101
SHORT,MLFQ,0,0,12031,12019,12031,28.2,0
SHORT,MLFQ,0,22,8179,8141,8157,35.3,22
SHORT,MLFQ,0,33,1150,1099,1117,19.0,33
SHORT,MLFQ,0,55,11454,11387,11399,30.6,55
SHORT,MLFQ,0,77,8210,8114,8133,36.0,77
SHORT,MLFQ,1,88,1211,1107,1123,29.0,87
SHORT,MLFQ,1,110,3183,3057,3073,35.0,109
SHORT,MLFQ,1,121,10581,10446,10460,33.2,120
SHORT,MLFQ,1,143,12786,12626,12643,24.1,142
SHORT,MLFQ,3,165,1291,1113,1126,33.0,162
SHORT,MLFQ,3,176,6739,6542,6563,37.7,173
SHORT,MLFQ,3,198,12276,12064,12078,28.4,195
SHORT,MLFQ,4,220,5049,4812,4829,38.6,216
SHORT,MLFQ,4,231,9544,9294,9313,35.2,227
SHORT,MLFQ,5,253,10121,9853,9868,35.0,248
SHORT,MLFQ,5,264,2419,2143,2155,40.0,259
SHORT,MLFQ,6,286,8331,8024,8045,37.9,280
SHORT,MLFQ,6,308,2451,2123,2143,41.2,302
SHORT,MLFQ,6,319,11505,11169,11186,32.3,313
SHORT,MLFQ,7,341,2495,2133,2154,42.0,334
SHORT,MLFQ,7,352,12458,12090,12106,27.7,345
SHORT,MLFQ,7,374,12465,12074,12091,27.8,367
SHORT,MLFQ,7,396,12918,12509,12522,22.3,389
SHORT,MLFQ,8,407,11574,11154,11167,32.5,399
SHORT,MLFQ,8,429,713,264,284,44.0,421
SHORT,MLFQ,9,451,6939,6476,6488,40.2,442
SHORT,MLFQ,9,462,12146,11669,11684,30.2,453
SHORT,MLFQ,10,484,10771,10274,10287,34.2,474
SHORT,MLFQ,10,495,10285,9770,9790,35.8,485
SHORT,MLFQ,11,517,12493,11960,11976,27.8,506
SHORT,MLFQ,11,539,11622,11069,11083,32.6,528
SHORT,MLFQ,11,550,6233,5666,5683,41.1,539
SHORT,MLFQ,12,572,7846,7253,7274,39.5,560
SHORT,MLFQ,12,594,11640,11029,11046,31.8,582
SHORT,MLFQ,13,605,7876,7253,7271,39.8,592
SHORT,MLFQ,13,627,1836,1193,1209,46.8,614
SHORT,MLFQ,13,638,11930,11278,11292,31.1,625
SHORT,MLFQ,14,660,8613,7936,7953,38.1,646
SHORT,MLFQ,14,682,12184,11487,11502,29.2,668
SHORT,MLFQ,14,693,7186,6478,6493,40.4,679
SHORT,MLFQ,14,714,12931,12205,12217,21.8,700
SHORT,MLFQ,15,725,11357,10619,10632,32.8,710
SHORT,MLFQ,15,747,12849,12084,12102,23.7,732
SHORT,MLFQ,16,769,12860,12070,12091,24.1,753
SHORT,MLFQ,17,780,9348,8551,8568,37.4,763
SHORT,MLFQ,17,802,10498,9682,9696,34.8,785
SHORT,MLFQ,18,824,8769,7933,7945,38.4,806
SHORT,MLFQ,18,835,10511,9664,9676,34.7,817
SHORT,MLFQ,19,857,2120,1244,1263,46.0,838
SHORT,MLFQ,20,868,11419,10534,10551,32.4,848
LONG,FCFS,0,0,290,275,290,14.0,0
LONG,FCFS,1,291,391,88,100,31.5,290
LONG,FCFS,1,392,507,99,115,41.0,391
LONG,FCFS,1,508,996,473,488,47.0,507
LONG,FCFS,1,997,1076,66,79,46.0,996
LONG,FCFS,2,1077,1533,440,456,45.0,1075
LONG,FCFS,2,1534,1579,33,45,44.0,1532
LONG,FCFS,2,1580,1931,330,351,43.0,1578
LONG,FCFS,2,1932,2261,308,329,42.0,1930
LONG,FCFS,3,2262,2466,187,204,41.0,2259
LONG,FCFS,3,2467,2778,297,311,40.0,2464
LONG,FCFS,4,2779,3063,264,284,39.0,2775
LONG,FCFS,4,3064,3601,517,537,38.0,3060
LONG,FCFS,4,3602,3724,110,122,37.0,3598
LONG,FCFS,5,3725,4030,286,305,36.0,3720
LONG,FCFS,6,4031,4377,330,346,35.0,4025
LONG,FCFS,7,4378,4834,440,456,34.0,4371
LONG,FCFS,7,4835,5130,275,295,33.0,4828
LONG,FCFS,9,5131,5656,506,525,32.0,5122
LONG,FCFS,9,5657,6054,385,397,31.0,5648
LONG,FCFS,10,6055,6442,374,387,30.0,6045
LONG,FCFS,10,6443,6560,99,117,29.0,6433
LONG,FCFS,11,6561,7088,506,527,28.0,6550
LONG,FCFS,11,7089,7468,363,379,27.0,7078
LONG,FCFS,11,7469,7551,66,82,26.0,7458
LONG,FCFS,11,7552,7850,286,298,25.0,7541
LONG,FCFS,12,7851,7871,0,20,24.0,7839
LONG,FCFS,12,7872,8062,176,190,23.0,7860
LONG,FCFS,12,8063,8090,11,27,22.0,8051
LONG,FCFS,12,8091,8360,253,269,21.0,8079
LONG,FCFS,13,8361,8728,352,367,20.0,8348
LONG,FCFS,13,8729,9043,297,314,19.0,8716
LONG,FCFS,13,9044,9103,44,59,18.0,9031
LONG,FCFS,13,9104,9130,11,26,17.0,9091
LONG,FCFS,13,9131,9391,242,260,16.0,9118
LONG,FCFS,13,9392,9783,374,391,15.0,9379
LONG,FCFS,13,9784,10128,330,344,14.0,9771
LONG,FCFS,13,10129,10458,308,329,13.0,10116
LONG,FCFS,14,10459,10857,385,398,12.0,10445
LONG,FCFS,14,10858,11288,418,430,11.0,10844
LONG,FCFS,15,11289,11350,44,61,10.0,11274
LONG,FCFS,15,11351,11881,517,530,9.0,11336
LONG,FCFS,16,11882,12330,429,448,8.0,11866
LONG,FCFS,16,12331,12730,385,399,7.0,12315
LONG,FCFS,17,12731,12767,22,36,6.0,12714
LONG,FCFS,17,12768,12891,110,123,5.0,12751
LONG,FCFS,17,12892,13104,198,212,4.0,12875
LONG,FCFS,18,13105,13162,44,57,3.0,13087
LONG,FCFS,20,13163,13197,22,34,2.0,13143
LONG,FCFS,20,13198,13291,77,93,1.0,13178
LONG,CFS,0,0,18929,18917,18929,34.8,0
LONG,CFS,1,11,7931,7913,7920,43.1,10
LONG,CFS,1,17,8969,8946,8952,42.4,16
LONG,CFS,1,22,23470,23442,23448,28.4,21
LONG,CFS,1,26,6455,6425,6429,44.9,25
LONG,CFS,2,29,23258,23225,23229,29.4,27
LONG,CFS,2,32,3831,3795,3799,47.0,30
LONG,CFS,2,35,21335,21296,21300,33.2,33
LONG,CFS,2,38,20593,20551,20555,34.2,36
LONG,CFS,3,41,14337,14293,14296,38.6,38
LONG,CFS,3,43,19871,19825,19828,35.1,40
LONG,CFS,4,45,18669,18621,18624,36.0,41
LONG,CFS,4,47,23687,23637,23640,27.7,43
LONG,CFS,4,49,9413,9361,9364,42.5,45
LONG,CFS,5,51,19643,19589,19592,35.3,46
LONG,CFS,6,53,21167,21111,21114,33.6,47
LONG,CFS,7,55,23263,23205,23208,29.5,48
LONG,CFS,7,57,19209,19149,19152,35.7,50
LONG,CFS,9,59,23664,23602,23605,27.9,50
LONG,CFS,9,61,22549,22485,22488,31.2,52
LONG,CFS,10,63,22323,22257,22260,31.7,53
LONG,CFS,10,65,9147,9079,9082,42.8,55
LONG,CFS,11,67,23668,23596,23601,27.9,56
LONG,CFS,11,69,22129,22057,22060,32.0,58
LONG,CFS,11,71,6733,6659,6662,45.1,60
LONG,CFS,11,73,19321,19245,19248,35.6,62
LONG,CFS,12,75,1809,1731,1734,48.8,63
LONG,CFS,12,77,13531,13451,13454,39.1,65
LONG,CFS,12,79,2399,2317,2320,48.8,67
LONG,CFS,12,81,17907,17823,17826,36.6,69
LONG,CFS,13,83,21799,21713,21716,32.6,70
LONG,CFS,13,85,20023,19935,19938,35.0,72
LONG,CFS,13,87,5021,4931,4934,46.8,74
LONG,CFS,13,89,2311,2219,2222,49.1,76
LONG,CFS,13,91,17447,17353,17356,36.8,78
LONG,CFS,13,93,22431,22335,22338,31.5,80
LONG,CFS,13,95,21111,21013,21016,33.7,82
LONG,CFS,13,97,20617,20517,20520,34.3,84
LONG,CFS,14,99,22575,22473,22476,31.1,85
LONG,CFS,14,101,22992,22888,22891,30.2,87
LONG,CFS,15,103,5203,5097,5100,46.7,88
LONG,CFS,15,105,23679,23570,23574,27.9,90
LONG,CFS,16,107,23190,23079,23083,29.7,91
LONG,CFS,16,109,22603,22491,22494,31.1,93
LONG,CFS,17,111,3179,3065,3068,48.8,94
LONG,CFS,17,113,9529,9413,9416,42.6,96
LONG,CFS,17,115,14823,14705,14708,38.4,98
LONG,CFS,18,117,4873,4753,4756,47.2,99
LONG,CFS,20,119,3001,2879,2882,49.1,99
LONG,CFS,20,121,7547,7423,7426,44.5,101
LONG,MLFQ,0,0,10364,10349,10364,32.0,0
LONG,MLFQ,1,22,4003,3969,3981,34.6,21
LONG,MLFQ,1,33,4829,4780,4796,34.8,32
LONG,MLFQ,1,55,13104,13034,13049,24.4,54
LONG,MLFQ,1,77,3181,3091,3104,35.4,76
LONG,MLFQ,2,88,12875,12771,12787,26.0,86
LONG,MLFQ,2,110,2261,2139,2151,33.4,108
LONG,MLFQ,2,121,11452,11310,11331,30.9,119
LONG,MLFQ,2,143,11001,10837,10858,32.0,141
LONG,MLFQ,3,165,7856,7674,7691,35.1,162
LONG,MLFQ,3,176,11005,10815,10829,32.5,173
LONG,MLFQ,4,198,9891,9673,9693,33.7,194
LONG,MLFQ,4,220,13288,13048,13068,23.1,216
LONG,MLFQ,4,231,5018,4775,4787,38.3,227
LONG,MLFQ,5,253,10516,10244,10263,33.4,248
LONG,MLFQ,6,264,11491,11211,11227,31.6,258
LONG,MLFQ,7,286,12914,12612,12628,26.7,279
LONG,MLFQ,7,308,10570,10242,10262,34.1,301
LONG,MLFQ,9,319,13234,12896,12915,23.9,310
LONG,MLFQ,9,341,12552,12199,12211,29.5,332
LONG,MLFQ,10,352,12284,11919,11932,30.0,342
LONG,MLFQ,10,374,5180,4788,4806,41.0,364
LONG,MLFQ,11,396,13256,12839,12860,23.9,385
LONG,MLFQ,11,407,12312,11889,11905,30.5,396
LONG,MLFQ,11,429,3594,3149,3165,43.5,418
LONG,MLFQ,11,451,10693,10230,10242,34.1,440
LONG,MLFQ,12,462,768,286,306,45.5,450
LONG,MLFQ,12,484,7453,6955,6969,37.9,472
LONG,MLFQ,12,495,1698,1187,1203,47.0,483
LONG,MLFQ,12,517,10139,9606,9622,35.4,505
LONG,MLFQ,13,539,12006,11452,11467,31.1,526
LONG,MLFQ,13,550,11210,10643,10660,33.6,537
LONG,MLFQ,13,572,2783,2196,2211,46.2,559
LONG,MLFQ,13,594,1791,1182,1197,48.0,581
LONG,MLFQ,13,605,9562,8939,8957,35.6,592
LONG,MLFQ,13,627,12330,11686,11703,29.8,614
LONG,MLFQ,13,638,11682,11030,11044,31.8,625
LONG,MLFQ,13,660,11276,10595,10616,32.9,647
LONG,MLFQ,14,682,12577,11882,11895,29.1,668
LONG,MLFQ,14,693,12792,12087,12099,27.5,679
LONG,MLFQ,15,715,2933,2201,2218,45.5,700
LONG,MLFQ,15,726,13291,12552,12565,22.9,711
LONG,MLFQ,16,748,12989,12222,12241,26.8,732
LONG,MLFQ,16,769,12647,11864,11878,28.9,753
LONG,MLFQ,17,780,2026,1232,1246,47.0,763
LONG,MLFQ,17,802,5546,4731,4744,40.3,785
LONG,MLFQ,17,824,8421,7583,7597,36.6,807
LONG,MLFQ,18,835,3057,2209,2222,44.7,817
LONG,MLFQ,20,857,2105,1236,1248,46.5,837
LONG,MLFQ,20,868,4801,3917,3933,41.9,848
STOL,FCFS,0,0,14,0,14,1.5,0
STOL,FCFS,0,15,97,66,82,5.5,15
STOL,FCFS,1,98,147,33,49,11.0,97
STOL,FCFS,1,148,219,55,71,16.0,147
STOL,FCFS,1,220,486,253,266,31.0,219
STOL,FCFS,2,487,603,99,116,44.7,485
STOL,FCFS,2,604,1126,506,522,44.0,602
STOL,FCFS,3,1127,1525,385,398,43.0,1124
STOL,FCFS,3,1526,2022,484,496,42.0,1523
STOL,FCFS,3,2023,2262,220,239,41.0,2020
STOL,FCFS,4,2263,2616,341,353,40.0,2259
STOL,FCFS,4,2617,2961,330,344,39.0,2613
STOL,FCFS,5,2962,2977,0,15,38.0,2957
STOL,FCFS,5,2978,3515,517,537,37.0,2973
STOL,FCFS,6,3516,3977,440,461,36.0,3510
STOL,FCFS,8,3978,4175,176,197,35.0,3970
STOL,FCFS,8,4176,4520,330,344,34.0,4168
STOL,FCFS,8,4521,5045,506,524,33.0,4513
STOL,FCFS,9,5046,5542,484,496,32.0,5037
STOL,FCFS,9,5543,5737,176,194,31.0,5534
STOL,FCFS,9,5738,5987,231,249,30.0,5729
STOL,FCFS,9,5988,6180,176,192,29.0,5979
STOL,FCFS,10,6181,6215,22,34,28.0,6171
STOL,FCFS,10,6216,6628,396,412,27.0,6206
STOL,FCFS,10,6629,6769,121,140,26.0,6619
STOL,FCFS,11,6770,6785,0,15,25.0,6759
STOL,FCFS,12,6786,7227,429,441,24.0,6774
STOL,FCFS,13,7228,7757,517,529,23.0,7215
STOL,FCFS,13,7758,7951,176,193,22.0,7745
STOL,FCFS,13,7952,8024,55,72,21.0,7939
STOL,FCFS,14,8025,8427,385,402,20.0,8011
STOL,FCFS,14,8428,8444,0,16,19.0,8414
STOL,FCFS,15,8445,8605,143,160,18.0,8430
STOL,FCFS,16,8606,8681,55,75,17.0,8590
STOL,FCFS,16,8682,8866,165,184,16.0,8666
STOL,FCFS,16,8867,9209,330,342,15.0,8851
STOL,FCFS,17,9210,9565,341,355,14.0,9193
STOL,FCFS,17,9566,9689,110,123,13.0,9549
STOL,FCFS,17,9690,9770,66,80,12.0,9673
STOL,FCFS,18,9771,10174,385,403,11.0,9753
STOL,FCFS,18,10175,10377,187,202,10.0,10157
STOL,FCFS,19,10378,10888,495,510,9.0,10359
STOL,FCFS,19,10889,11165,264,276,8.0,10870
STOL,FCFS,19,11166,11180,0,14,7.0,11147
STOL,FCFS,19,11181,11494,297,313,6.0,11162
STOL,FCFS,20,11495,11679,165,184,5.0,11475
STOL,FCFS,20,11680,12026,330,346,4.0,11660
STOL,FCFS,20,12027,12351,308,324,3.0,12007
STOL,FCFS,20,12352,12654,286,302,2.0,12332
STOL,FCFS,20,12655,12967,297,312,1.0,12635
STOL,CFS,0,0,966,952,966,25.5,0
STOL,CFS,0,11,6570,6552,6559,43.2,11
STOL,CFS,1,17,4036,4013,4019,44.4,16
STOL,CFS,1,22,5758,5731,5736,44.1,21
STOL,CFS,1,26,17328,17298,17302,35.7,25
STOL,CFS,2,29,8930,8897,8901,42.0,27
STOL,CFS,2,32,23078,23040,23046,26.6,30
STOL,CFS,3,35,21722,21683,21687,29.8,32
STOL,CFS,3,38,22927,22885,22889,27.2,35
STOL,CFS,3,41,16114,16070,16073,36.9,38
STOL,CFS,4,43,20652,20606,20609,32.1,39
STOL,CFS,4,45,20404,20356,20359,32.5,41
STOL,CFS,5,47,1284,1234,1237,47.0,42
STOL,CFS,5,49,23118,23066,23069,26.5,44
STOL,CFS,6,51,22595,22540,22544,28.1,45
STOL,CFS,8,53,14060,14004,14007,39.0,45
STOL,CFS,8,55,20410,20352,20355,32.6,47
STOL,CFS,8,57,23098,23037,23041,26.7,49
STOL,CFS,9,59,22935,22873,22876,27.3,50
STOL,CFS,9,61,13892,13828,13831,39.2,52
STOL,CFS,9,63,16598,16532,16535,36.5,54
STOL,CFS,9,65,13770,13702,13705,39.3,56
STOL,CFS,10,67,2840,2770,2773,46.2,57
STOL,CFS,10,69,22016,21944,21947,29.3,59
STOL,CFS,10,71,10562,10488,10491,41.3,61
STOL,CFS,11,73,1310,1234,1237,47.9,62
STOL,CFS,12,75,22361,22282,22286,28.6,63
STOL,CFS,13,77,23110,23030,23033,26.6,64
STOL,CFS,13,79,13840,13758,13761,39.3,66
STOL,CFS,13,81,5888,5804,5807,44.8,68
STOL,CFS,14,83,21836,21750,21753,29.8,69
STOL,CFS,14,85,1414,1326,1329,48.1,71
STOL,CFS,15,87,11832,11742,11745,40.5,72
STOL,CFS,16,89,6140,6048,6051,44.6,73
STOL,CFS,16,91,13330,13236,13239,39.7,75
STOL,CFS,16,93,20350,20254,20257,32.7,77
STOL,CFS,17,95,20726,20628,20631,32.0,78
STOL,CFS,17,97,9426,9326,9329,42.1,80
STOL,CFS,17,99,6470,6368,6371,44.4,82
STOL,CFS,18,101,21860,21756,21759,29.7,83
STOL,CFS,18,103,14308,14202,14205,38.9,85
STOL,CFS,19,105,23030,22922,22925,27.0,86
STOL,CFS,19,107,17798,17688,17691,35.4,88
STOL,CFS,19,109,1248,1136,1139,49.3,90
STOL,CFS,19,111,19346,19232,19235,33.9,92
STOL,CFS,20,113,13346,13230,13233,39.7,93
STOL,CFS,20,115,20494,20376,20379,32.5,95
STOL,CFS,20,117,19750,19630,19633,33.4,97
STOL,CFS,20,119,18910,18788,18791,34.3,99
STOL,CFS,20,121,19308,19184,19187,34.0,101
STOL,MLFQ,0,0,14,0,14,0.5,0
STOL,MLFQ,0,15,3018,2987,3003,32.8,15
STOL,MLFQ,1,26,2077,2035,2051,27.6,25
STOL,MLFQ,1,48,3024,2960,2976,32.1,47
STOL,MLFQ,1,70,9537,9454,9467,32.0,69
STOL,MLFQ,2,81,4757,4659,4676,34.8,79
STOL,MLFQ,2,103,12887,12768,12784,22.7,101
STOL,MLFQ,3,114,11996,11869,11882,27.5,111
STOL,MLFQ,3,136,12769,12621,12633,23.7,133
STOL,MLFQ,3,158,8492,8315,8334,33.9,155
STOL,MLFQ,4,169,11461,11280,11292,29.7,165
STOL,MLFQ,4,191,11106,10901,10915,30.3,187
STOL,MLFQ,5,213,360,132,147,25.5,208
STOL,MLFQ,5,224,12965,12721,12741,22.6,219
STOL,MLFQ,6,246,12490,12223,12244,25.8,240
STOL,MLFQ,8,257,7295,7017,7038,36.8,249
STOL,MLFQ,8,279,11165,10872,10886,30.8,271
STOL,MLFQ,8,301,12928,12609,12627,23.3,293
STOL,MLFQ,9,312,12826,12502,12514,24.3,303
STOL,MLFQ,9,334,7380,7028,7046,37.6,325
STOL,MLFQ,9,345,9226,8863,8881,35.0,336
STOL,MLFQ,9,361,7419,7042,7058,37.6,352
STOL,MLFQ,10,383,1521,1126,1138,42.2,373
STOL,MLFQ,10,394,12123,11713,11729,28.0,384
STOL,MLFQ,10,416,5924,5489,5508,39.6,406
STOL,MLFQ,11,438,728,275,290,43.0,427
STOL,MLFQ,12,449,12536,12075,12087,26.5,437
STOL,MLFQ,13,471,12967,12484,12496,22.8,458
STOL,MLFQ,13,482,7503,7004,7021,37.8,469
STOL,MLFQ,13,504,3515,2994,3011,43.0,491
STOL,MLFQ,14,526,12174,11631,11648,28.6,512
STOL,MLFQ,14,537,877,324,340,46.5,523
STOL,MLFQ,15,559,6789,6213,6230,39.2,544
STOL,MLFQ,16,581,3569,2968,2988,43.0,565
STOL,MLFQ,16,592,7534,6923,6942,38.1,576
STOL,MLFQ,16,614,11310,10684,10696,30.9,598
STOL,MLFQ,17,625,11641,11002,11016,30.3,608
STOL,MLFQ,17,647,5321,4661,4674,40.3,630
STOL,MLFQ,17,669,3672,2989,3003,42.2,652
STOL,MLFQ,18,680,12182,11484,11502,28.1,662
STOL,MLFQ,18,702,8230,7513,7528,36.7,684
STOL,MLFQ,19,713,12955,12227,12242,23.3,694
STOL,MLFQ,19,729,9946,9205,9217,33.3,710
STOL,MLFQ,19,751,1002,237,251,45.5,732
STOL,MLFQ,19,762,10959,10181,10197,32.0,743
STOL,MLFQ,20,784,7697,6894,6913,37.6,764
STOL,MLFQ,20,806,11393,10571,10587,30.4,786
STOL,MLFQ,20,817,10998,10165,10181,31.5,797
STOL,MLFQ,20,839,10535,9680,9696,32.3,819
STOL,MLFQ,20,850,11003,10138,10153,31.8,830
LTOS,FCFS,0,0,141,121,141,7.0,0
LTOS,FCFS,1,142,679,517,537,35.4,141
LTOS,FCFS,1,680,1171,473,491,48.0,679
LTOS,FCFS,1,1172,1719,528,547,47.0,1171
LTOS,FCFS,2,1720,1796,55,76,46.0,1718
LTOS,FCFS,2,1797,2329,517,532,45.0,1795
LTOS,FCFS,2,2330,2879,528,549,44.0,2328
LTOS,FCFS,3,2880,3156,264,276,43.0,2877
LTOS,FCFS,3,3157,3604,429,447,42.0,3154
LTOS,FCFS,3,3605,3636,11,31,41.0,3602
LTOS,FCFS,3,3637,4137,484,500,40.0,3634
LTOS,FCFS,4,4138,4506,352,368,39.0,4134
LTOS,FCFS,4,4507,4534,11,27,38.0,4503
LTOS,FCFS,4,4535,4629,77,94,37.0,4531
LTOS,FCFS,5,4630,4654,11,24,36.0,4625
LTOS,FCFS,5,4655,4934,264,279,35.0,4650
LTOS,FCFS,5,4935,5214,264,279,34.0,4930
LTOS,FCFS,6,5215,5601,374,386,33.0,5209
LTOS,FCFS,7,5602,5786,165,184,32.0,5595
LTOS,FCFS,8,5787,5948,143,161,31.0,5779
LTOS,FCFS,8,5949,6313,352,364,30.0,5941
LTOS,FCFS,9,6314,6837,506,523,29.0,6305
LTOS,FCFS,10,6838,7313,462,475,28.0,6828
LTOS,FCFS,10,7314,7846,517,532,27.0,7304
LTOS,FCFS,10,7847,7954,88,107,26.0,7837
LTOS,FCFS,11,7955,8327,352,372,25.0,7944
LTOS,FCFS,11,8328,8484,143,156,24.0,8317
LTOS,FCFS,12,8485,8637,132,152,23.0,8473
LTOS,FCFS,12,8638,9036,385,398,22.0,8626
LTOS,FCFS,12,9037,9208,154,171,21.0,9025
LTOS,FCFS,12,9209,9686,462,477,20.0,9197
LTOS,FCFS,13,9687,9735,33,48,19.0,9674
LTOS,FCFS,13,9736,9762,11,26,18.0,9723
LTOS,FCFS,13,9763,9823,44,60,17.0,9750
LTOS,FCFS,13,9824,10240,396,416,16.0,9811
LTOS,FCFS,13,10241,10536,275,295,15.0,10228
LTOS,FCFS,13,10537,11016,462,479,14.0,10524
LTOS,FCFS,13,11017,11142,110,125,13.0,11004
LTOS,FCFS,15,11143,11168,11,25,12.0,11128
LTOS,FCFS,16,11169,11464,275,295,11.0,11153
LTOS,FCFS,16,11465,11690,209,225,10.0,11449
LTOS,FCFS,17,11691,11808,99,117,9.0,11674
LTOS,FCFS,17,11809,11869,44,60,8.0,11792
LTOS,FCFS,18,11870,12337,451,467,7.0,11852
LTOS,FCFS,18,12338,12681,330,343,6.0,12320
LTOS,FCFS,18,12682,12862,165,180,5.0,12664
LTOS,FCFS,18,12863,13401,517,538,4.0,12845
LTOS,FCFS,18,13402,13697,275,295,3.0,13384
LTOS,FCFS,19,13698,13869,154,171,2.0,13679
LTOS,FCFS,19,13870,14391,506,521,1.0,13851
LTOS,CFS,0,0,10931,10919,10931,41.2,0
LTOS,CFS,1,11,25880,25860,25869,27.1,10
LTOS,CFS,1,17,25411,25388,25394,28.1,16
LTOS,CFS,1,22,25906,25876,25884,27.1,21
LTOS,CFS,2,26,6313,6283,6287,45.2,24
LTOS,CFS,2,29,25855,25822,25826,27.5,27
LTOS,CFS,2,32,25914,25878,25882,27.2,30
LTOS,CFS,3,35,18281,18242,18246,36.3,32
LTOS,CFS,3,38,24411,24369,24373,29.9,35
LTOS,CFS,3,41,2737,2693,2696,47.9,38
LTOS,CFS,3,43,25522,25475,25479,28.2,40
LTOS,CFS,4,45,22063,22015,22018,32.9,41
LTOS,CFS,4,47,2373,2323,2326,48.3,43
LTOS,CFS,4,49,7639,7587,7590,44.6,45
LTOS,CFS,5,51,2083,2029,2032,48.4,46
LTOS,CFS,5,53,18451,18395,18398,36.3,48
LTOS,CFS,5,55,18453,18395,18398,36.3,50
LTOS,CFS,6,57,22651,22591,22594,32.2,51
LTOS,CFS,7,59,13569,13507,13510,40.4,52
LTOS,CFS,8,61,12233,12169,12172,41.7,53
LTOS,CFS,8,63,21905,21839,21842,33.1,55
LTOS,CFS,9,65,25787,25719,25722,27.7,56
LTOS,CFS,10,67,25105,25035,25038,29.0,57
LTOS,CFS,10,69,25860,25788,25791,27.5,59
LTOS,CFS,10,71,8619,8545,8548,44.1,61
LTOS,CFS,11,73,22225,22149,22152,32.8,62
LTOS,CFS,11,75,11903,11825,11828,42.0,64
LTOS,CFS,12,77,11693,11613,11616,42.1,65
LTOS,CFS,12,79,23033,22951,22954,31.8,67
LTOS,CFS,12,81,12841,12757,12760,41.2,69
LTOS,CFS,12,83,25157,25071,25074,28.9,71
LTOS,CFS,13,85,4127,4039,4042,47.3,72
LTOS,CFS,13,87,2315,2225,2228,49.1,74
LTOS,CFS,13,89,5097,5005,5008,46.7,76
LTOS,CFS,13,91,23581,23487,23490,31.1,78
LTOS,CFS,13,93,19223,19127,19130,35.7,80
LTOS,CFS,13,95,25203,25105,25108,28.9,82
LTOS,CFS,13,97,9875,9775,9778,43.4,84
LTOS,CFS,15,99,2229,2127,2130,49.4,84
LTOS,CFS,16,101,19227,19123,19126,35.7,85
LTOS,CFS,16,103,15739,15633,15636,38.4,87
LTOS,CFS,17,105,9347,9239,9242,43.8,88
LTOS,CFS,17,107,5113,5003,5006,46.8,90
LTOS,CFS,18,109,24929,24817,24820,29.3,91
LTOS,CFS,18,111,21125,21011,21014,33.8,93
LTOS,CFS,18,113,13357,13241,13244,40.8,95
LTOS,CFS,18,115,25891,25772,25776,27.4,97
LTOS,CFS,18,117,19235,19115,19118,35.7,99
LTOS,CFS,19,119,12865,12743,12746,41.3,100
LTOS,CFS,19,121,25773,25649,25652,27.8,102
LTOS,MLFQ,0,0,5726,5706,5726,35.5,0
LTOS,MLFQ,1,22,14328,14286,14306,24.6,21
LTOS,MLFQ,1,33,13981,13930,13948,26.2,32
LTOS,MLFQ,1,55,14348,14274,14293,24.3,54
LTOS,MLFQ,2,77,3179,3081,3102,35.1,75
LTOS,MLFQ,2,88,14353,14250,14265,24.8,86
LTOS,MLFQ,2,110,14375,14244,14265,24.4,108
LTOS,MLFQ,3,121,9897,9764,9776,33.5,118
LTOS,MLFQ,3,143,13479,13318,13336,28.1,140
LTOS,MLFQ,3,165,1307,1122,1142,29.7,162
LTOS,MLFQ,3,176,14064,13872,13888,26.4,173
LTOS,MLFQ,4,198,12014,11800,11816,31.1,194
LTOS,MLFQ,4,220,1357,1121,1137,33.7,216
LTOS,MLFQ,4,231,4220,3972,3989,39.8,227
LTOS,MLFQ,5,253,1382,1116,1129,36.0,248
LTOS,MLFQ,5,264,9979,9700,9715,34.4,259
LTOS,MLFQ,5,286,9995,9694,9709,34.5,281
LTOS,MLFQ,6,308,12457,12137,12149,30.7,302
LTOS,MLFQ,7,319,7519,7181,7200,38.8,312
LTOS,MLFQ,8,341,6811,6452,6470,39.9,333
LTOS,MLFQ,8,352,12049,11685,11697,31.6,344
LTOS,MLFQ,9,374,14258,13867,13884,25.9,365
LTOS,MLFQ,10,396,13845,13436,13449,27.7,386
LTOS,MLFQ,10,407,14380,13958,13973,25.4,397
LTOS,MLFQ,10,429,4438,3990,4009,42.6,419
LTOS,MLFQ,11,451,12136,11665,11685,31.7,440
LTOS,MLFQ,11,462,6924,6449,6462,40.4,451
LTOS,MLFQ,12,484,6187,5683,5703,41.1,472
LTOS,MLFQ,12,495,12900,12392,12405,30.4,483
LTOS,MLFQ,12,517,6964,6430,6447,40.0,505
LTOS,MLFQ,12,539,13883,13329,13344,27.7,527
LTOS,MLFQ,13,550,2738,2173,2188,46.8,537
LTOS,MLFQ,13,572,1761,1174,1189,48.0,559
LTOS,MLFQ,13,594,2755,2145,2161,45.7,581
LTOS,MLFQ,13,605,12943,12318,12338,29.8,592
LTOS,MLFQ,13,627,10753,10106,10126,34.4,614
LTOS,MLFQ,13,638,13901,13246,13263,27.4,625
LTOS,MLFQ,13,660,5510,4835,4850,42.0,647
LTOS,MLFQ,15,682,1875,1179,1193,47.7,667
LTOS,MLFQ,16,693,10785,10072,10092,34.3,677
LTOS,MLFQ,16,715,9048,8317,8333,36.8,699
LTOS,MLFQ,17,726,5562,4818,4836,42.1,709
LTOS,MLFQ,17,748,2926,2162,2178,45.0,731
LTOS,MLFQ,18,770,13907,13121,13137,27.5,752
LTOS,MLFQ,18,781,11799,11005,11018,32.0,763
LTOS,MLFQ,18,803,7832,7014,7029,38.5,785
LTOS,MLFQ,18,825,14391,13545,13566,24.7,807
LTOS,MLFQ,18,836,10861,10005,10025,33.9,818
LTOS,MLFQ,19,858,7224,6349,6366,39.1,839
LTOS,MLFQ,19,869,14318,13434,13449,25.2,850
