plist configuration,scheduler,instantiation times,start_times,finish times,total wait times,turnaround times,average queue lengths,response times
RAND,FCFS,0,0,683,671,683,48.9,0
RAND,FCFS,0,684,1396,693,712,49.0,684
RAND,FCFS,0,1397,1638,220,241,48.0,1397
RAND,FCFS,1,1639,2603,946,964,47.0,1638
RAND,FCFS,2,2604,3322,704,718,46.0,2602
RAND,FCFS,2,3323,3999,660,676,45.0,3321
RAND,FCFS,2,4000,4919,902,919,44.0,3998
RAND,FCFS,2,4920,5852,913,932,43.0,4918
RAND,FCFS,3,5853,6675,803,822,42.0,5850
RAND,FCFS,4,6676,6891,198,215,41.0,6672
RAND,FCFS,4,6892,6911,0,19,40.0,6888
RAND,FCFS,4,6912,7514,583,602,39.0,6908
RAND,FCFS,5,7515,8508,979,993,38.0,7510
RAND,FCFS,5,8509,9034,506,525,37.0,8504
RAND,FCFS,6,9035,9958,902,923,36.0,9029
RAND,FCFS,6,9959,10363,385,404,35.0,9953
RAND,FCFS,6,10364,10698,319,334,34.0,10358
RAND,FCFS,7,10699,11357,638,658,33.0,10692
RAND,FCFS,9,11358,11608,231,250,32.0,11349
RAND,FCFS,9,11609,12318,693,709,31.0,11600
RAND,FCFS,9,12319,12481,143,162,30.0,12310
RAND,FCFS,9,12482,13212,715,730,29.0,12473
RAND,FCFS,9,13213,14257,1023,1044,28.0,13204
RAND,FCFS,10,14258,15223,946,965,27.0,14248
RAND,FCFS,10,15224,15657,418,433,26.0,15214
RAND,FCFS,11,15658,16034,363,376,25.0,15647
RAND,FCFS,11,16035,17068,1012,1033,24.0,16024
RAND,FCFS,12,17069,17318,231,249,23.0,17057
RAND,FCFS,12,17319,18361,1023,1042,22.0,17307
RAND,FCFS,12,18362,19195,814,833,21.0,18350
RAND,FCFS,12,19196,20257,1045,1061,20.0,19184
RAND,FCFS,13,20258,21188,913,930,19.0,20245
RAND,FCFS,13,21189,21910,704,721,18.0,21176
RAND,FCFS,14,21911,22418,495,507,17.0,21897
RAND,FCFS,15,22419,23344,913,925,16.0,22404
RAND,FCFS,16,23345,24234,869,889,15.0,23329
RAND,FCFS,16,24235,24296,44,61,14.0,24219
RAND,FCFS,17,24297,25107,792,810,13.0,24280
RAND,FCFS,17,25108,25985,858,877,12.0,25091
RAND,FCFS,17,25986,26431,429,445,11.0,25969
RAND,FCFS,17,26432,26723,275,291,10.0,26415
RAND,FCFS,18,26724,26905,165,181,9.0,26706
RAND,FCFS,19,26906,27255,330,349,8.0,26887
RAND,FCFS,19,27256,27741,473,485,7.0,27237
RAND,FCFS,19,27742,28279,517,537,6.0,27723
RAND,FCFS,19,28280,28496,198,216,5.0,28261
RAND,FCFS,19,28497,29376,858,879,4.0,28478
RAND,FCFS,19,29377,29483,88,106,3.0,29358
RAND,FCFS,20,29484,30571,1067,1087,2.0,29464
RAND,FCFS,20,30572,31351,759,779,1.0,30552
RAND,CFS,0,0,47367,47355,47367,37.8,0
RAND,CFS,0,11,48715,48697,48704,37.5,11
RAND,CFS,0,17,20561,20538,20544,46.9,17
RAND,CFS,1,22,55931,55903,55909,32.4,21
RAND,CFS,2,26,48949,48919,48923,37.5,24
RAND,CFS,2,29,47061,47028,47032,38.3,27
RAND,CFS,2,32,55331,55295,55299,33.1,30
RAND,CFS,2,35,55595,55556,55560,32.8,33
RAND,CFS,3,38,52691,52649,52653,35.2,35
RAND,CFS,4,41,18505,18461,18464,47.5,37
RAND,CFS,4,43,1693,1647,1650,50.0,39
RAND,CFS,4,45,43345,43297,43300,39.6,41
RAND,CFS,5,47,56173,56122,56126,32.0,42
RAND,CFS,5,49,39263,39211,39214,41.1,44
RAND,CFS,6,51,55433,55379,55382,33.0,45
RAND,CFS,6,53,31979,31923,31926,43.5,47
RAND,CFS,6,55,27263,27205,27208,45.0,49
RAND,CFS,7,57,46207,46147,46150,38.6,50
RAND,CFS,9,59,21261,21199,21202,46.8,50
RAND,CFS,9,61,48585,48521,48524,37.7,52
RAND,CFS,9,63,14167,14101,14104,48.1,54
RAND,CFS,9,65,49431,49363,49366,37.2,56
RAND,CFS,9,67,56519,56449,56452,31.3,58
RAND,CFS,10,69,55960,55888,55891,32.3,59
RAND,CFS,10,71,33811,33737,33740,43.0,61
RAND,CFS,11,73,30119,30043,30046,44.1,62
RAND,CFS,11,75,56463,56385,56388,31.4,64
RAND,CFS,12,77,21193,21113,21116,46.8,65
RAND,CFS,12,79,56509,56427,56430,31.3,67
RAND,CFS,12,81,53045,52961,52964,35.0,69
RAND,CFS,12,83,56555,56469,56472,31.2,71
RAND,CFS,13,85,55569,55481,55484,32.8,72
RAND,CFS,13,87,49109,49019,49022,37.4,74
RAND,CFS,14,89,38233,38141,38144,41.5,75
RAND,CFS,15,91,55469,55375,55378,33.0,76
RAND,CFS,16,93,54649,54553,54556,33.8,77
RAND,CFS,16,95,5465,5367,5370,49.3,79
RAND,CFS,17,97,52317,52217,52220,35.5,80
RAND,CFS,17,99,54335,54233,54236,34.0,82
RAND,CFS,17,101,34583,34479,34482,42.7,84
RAND,CFS,17,103,24259,24153,24156,45.8,86
RAND,CFS,18,105,15771,15663,15666,47.9,87
RAND,CFS,19,107,28367,28257,28260,44.6,88
RAND,CFS,19,109,36961,36849,36852,41.9,90
RAND,CFS,19,111,39957,39843,39846,40.9,92
RAND,CFS,19,113,18657,18541,18544,47.4,94
RAND,CFS,19,115,54397,54279,54282,34.0,96
RAND,CFS,19,117,9423,9303,9306,48.7,98
RAND,CFS,20,119,56582,56452,56463,31.1,99
RAND,CFS,20,121,51259,51135,51138,36.1,101
RAND,MLFQ,0,0,26079,26067,26079,36.2,0
RAND,MLFQ,0,22,26638,26597,26616,37.0,22
RAND,MLFQ,0,33,10492,10438,10459,46.2,33
RAND,MLFQ,1,44,30741,30679,30697,31.3,43
RAND,MLFQ,2,55,26675,26606,26620,36.7,53
RAND,MLFQ,2,66,25593,25511,25527,37.5,64
RAND,MLFQ,2,77,30286,30192,30209,32.3,75
RAND,MLFQ,2,88,30559,30452,30471,32.0,86
RAND,MLFQ,3,99,28942,28824,28843,34.5,96
RAND,MLFQ,4,110,9824,9697,9714,46.6,106
RAND,MLFQ,4,121,668,528,547,49.0,117
RAND,MLFQ,4,132,23817,23666,23685,38.8,128
RAND,MLFQ,5,143,31029,30872,30886,30.2,138
RAND,MLFQ,5,154,21477,21304,21323,40.4,149
RAND,MLFQ,6,165,30352,30166,30187,32.2,159
RAND,MLFQ,6,176,17592,17397,17416,42.7,170
RAND,MLFQ,6,187,15085,14883,14898,44.0,181
RAND,MLFQ,7,198,25114,24896,24916,37.8,191
RAND,MLFQ,9,209,11711,11483,11502,45.8,200
RAND,MLFQ,9,220,26791,26555,26571,36.6,211
RAND,MLFQ,9,231,7853,7603,7622,47.1,222
RAND,MLFQ,9,242,27144,26887,26902,36.1,233
RAND,MLFQ,9,253,31260,30986,31007,28.9,244
RAND,MLFQ,10,264,30805,30522,30541,30.9,254
RAND,MLFQ,10,275,18620,18330,18345,41.9,265
RAND,MLFQ,11,286,16945,16646,16659,43.0,275
RAND,MLFQ,11,297,31183,30865,30886,29.1,286
RAND,MLFQ,12,308,11873,11547,11565,45.6,296
RAND,MLFQ,12,319,31269,30931,30950,28.8,307
RAND,MLFQ,12,330,29094,28745,28764,33.9,318
RAND,MLFQ,12,341,31319,30962,30978,28.2,329
RAND,MLFQ,13,352,30698,30329,30346,31.6,339
RAND,MLFQ,13,363,26985,26605,26622,36.3,350
RAND,MLFQ,14,374,21270,20884,20896,40.3,360
RAND,MLFQ,15,385,30700,30303,30315,31.6,370
RAND,MLFQ,16,396,30125,29709,29729,32.6,380
RAND,MLFQ,16,407,2963,2539,2556,48.2,391
RAND,MLFQ,17,418,28801,28365,28383,34.3,401
RAND,MLFQ,17,429,29906,29458,29477,32.8,412
RAND,MLFQ,17,440,19484,19028,19044,41.5,423
RAND,MLFQ,17,451,13881,13414,13430,44.5,434
RAND,MLFQ,18,462,9157,8679,8695,46.7,444
RAND,MLFQ,19,473,15721,15229,15248,43.3,454
RAND,MLFQ,19,484,20938,20442,20454,40.5,465
RAND,MLFQ,19,495,22290,21775,21795,39.6,476
RAND,MLFQ,19,506,10360,9836,9854,46.1,487
RAND,MLFQ,19,517,29928,29390,29411,32.6,498
RAND,MLFQ,19,528,5314,4768,4786,47.5,509
RAND,MLFQ,20,539,31351,30792,30812,27.3,519
RAND,MLFQ,20,550,28452,27882,27902,34.7,530
RAND,RR,0,0,25666,25654,25666,37.6,0
RAND,RR,0,22,26638,26597,26616,37.7,22
RAND,RR,0,33,10943,10889,10910,47.1,33
RAND,RR,1,44,30818,30756,30774,32.0,43
RAND,RR,2,55,26912,26843,26857,37.5,53
RAND,RR,2,66,25837,25755,25771,38.3,64
RAND,RR,2,77,30407,30313,30330,33.1,75
RAND,RR,2,88,30548,30441,30460,32.8,86
RAND,RR,3,99,28909,28791,28810,35.3,96
RAND,RR,4,110,10055,9928,9945,47.5,106
RAND,RR,4,121,679,539,558,50.0,117
RAND,RR,4,132,23740,23589,23608,39.7,128
RAND,RR,5,143,31029,30872,30886,31.1,138
RAND,RR,5,154,21499,21326,21345,41.2,149
RAND,RR,6,165,30440,30254,30275,33.0,159
RAND,RR,6,176,17471,17276,17295,43.6,170
RAND,RR,6,187,15030,14828,14843,44.9,181
RAND,RR,7,198,25312,25094,25114,38.6,191
RAND,RR,9,209,11557,11329,11348,46.7,200
RAND,RR,9,220,26721,26485,26501,37.6,211
RAND,RR,9,231,7655,7405,7424,48.1,222
RAND,RR,9,242,27210,26953,26968,37.1,233
RAND,RR,9,253,31260,30986,31007,29.9,244
RAND,RR,10,264,30849,30566,30585,31.8,254
RAND,RR,10,275,18686,18396,18411,42.8,265
RAND,RR,11,286,16747,16448,16461,43.9,275
RAND,RR,11,297,31216,30898,30919,30.1,286
RAND,RR,12,319,11653,11316,11334,46.7,307
RAND,RR,12,330,31269,30920,30939,29.8,318
RAND,RR,12,341,29171,28811,28830,34.9,329
RAND,RR,12,352,31319,30951,30967,29.2,340
RAND,RR,13,363,30621,30241,30258,32.6,350
RAND,RR,13,374,27062,26671,26688,37.2,361
RAND,RR,14,385,21303,20906,20918,41.3,371
RAND,RR,15,396,30623,30215,30227,32.6,381
RAND,RR,16,407,30092,29665,29685,33.6,391
RAND,RR,16,418,3128,2693,2710,49.2,402
RAND,RR,17,429,28834,28387,28405,35.3,412
RAND,RR,17,440,29928,29469,29488,33.9,423
RAND,RR,17,451,19198,18731,18747,42.5,434
RAND,RR,17,462,13540,13062,13078,45.6,445
RAND,RR,18,473,8893,8404,8420,47.8,455
RAND,RR,19,484,15677,15174,15193,44.4,465
RAND,RR,19,495,20652,20145,20157,41.6,476
RAND,RR,19,506,22026,21500,21520,40.7,487
RAND,RR,19,517,10415,9880,9898,47.2,498
RAND,RR,19,528,29939,29390,29411,33.8,509
RAND,RR,19,539,5358,4801,4819,48.6,520
RAND,RR,20,550,31351,30781,30801,28.4,530
RAND,RR,20,561,28243,27662,27682,35.9,541
SHORT,FCFS,0,0,126,110,126,44.0,0
SHORT,FCFS,1,127,353,209,226,49.0,126
SHORT,FCFS,1,354,461,88,107,48.0,353
SHORT,FCFS,1,462,608,132,146,47.0,461
SHORT,FCFS,2,609,626,0,17,46.0,607
SHORT,FCFS,2,627,747,99,120,45.0,625
SHORT,FCFS,2,748,863,99,115,44.0,746
SHORT,FCFS,2,864,1210,330,346,43.0,862
SHORT,FCFS,2,1211,1306,77,95,42.0,1209
SHORT,FCFS,3,1307,1578,253,271,41.0,1304
SHORT,FCFS,3,1579,1907,308,328,40.0,1576
SHORT,FCFS,3,1908,2137,209,229,39.0,1905
SHORT,FCFS,4,2138,2521,363,383,38.0,2134
SHORT,FCFS,5,2522,2596,55,74,37.0,2517
SHORT,FCFS,5,2597,2914,297,317,36.0,2592
SHORT,FCFS,5,2915,3249,319,334,35.0,2910
SHORT,FCFS,7,3250,3496,231,246,34.0,3243
SHORT,FCFS,8,3497,3781,264,284,33.0,3489
SHORT,FCFS,9,3782,4139,341,357,32.0,3773
SHORT,FCFS,9,4140,4586,429,446,31.0,4131
SHORT,FCFS,9,4587,4704,99,117,30.0,4578
SHORT,FCFS,9,4705,4860,143,155,29.0,4696
SHORT,FCFS,10,4861,5066,187,205,28.0,4851
SHORT,FCFS,11,5067,5205,121,138,27.0,5056
SHORT,FCFS,11,5206,5512,286,306,26.0,5195
SHORT,FCFS,11,5513,5604,77,91,25.0,5502
SHORT,FCFS,11,5605,5980,363,375,24.0,5594
SHORT,FCFS,12,5981,6139,143,158,23.0,5969
SHORT,FCFS,12,6140,6418,264,278,22.0,6128
SHORT,FCFS,13,6419,6519,88,100,21.0,6406
SHORT,FCFS,14,6520,6963,429,443,20.0,6506
SHORT,FCFS,14,6964,7126,143,162,19.0,6950
SHORT,FCFS,15,7127,7548,407,421,18.0,7112
SHORT,FCFS,15,7549,8036,473,487,17.0,7534
SHORT,FCFS,16,8037,8423,374,386,16.0,8021
SHORT,FCFS,17,8424,8709,264,285,15.0,8407
SHORT,FCFS,17,8710,8806,77,96,14.0,8693
SHORT,FCFS,17,8807,9175,352,368,13.0,8790
SHORT,FCFS,17,9176,9366,176,190,12.0,9159
SHORT,FCFS,18,9367,9498,110,131,11.0,9349
SHORT,FCFS,18,9499,10024,506,525,10.0,9481
SHORT,FCFS,18,10025,10203,165,178,9.0,10007
SHORT,FCFS,19,10204,10638,418,434,8.0,10185
SHORT,FCFS,19,10639,11064,407,425,7.0,10620
SHORT,FCFS,19,11065,11574,495,509,6.0,11046
SHORT,FCFS,19,11575,11801,209,226,5.0,11556
SHORT,FCFS,20,11802,12262,440,460,4.0,11782
SHORT,FCFS,20,12263,12510,231,247,3.0,12243
SHORT,FCFS,20,12511,12963,440,452,2.0,12491
SHORT,FCFS,20,12964,13289,308,325,1.0,12944
SHORT,CFS,0,0,10795,10783,10795,46.5,0
SHORT,CFS,1,11,16873,16855,16862,40.9,10
SHORT,CFS,1,17,9375,9352,9358,48.3,16
SHORT,CFS,1,22,12167,12140,12145,46.1,21
SHORT,CFS,2,26,1485,1455,1459,50.0,24
SHORT,CFS,2,29,10399,10366,10370,47.7,27
SHORT,CFS,2,32,9983,9947,9951,48.0,30
SHORT,CFS,2,35,21733,21694,21698,34.5,33
SHORT,CFS,2,38,8401,8359,8363,48.9,36
SHORT,CFS,3,41,19015,18971,18974,38.6,38
SHORT,CFS,3,43,21209,21163,21166,35.5,40
SHORT,CFS,3,45,17051,17003,17006,40.9,42
SHORT,CFS,4,47,22669,22619,22622,32.5,43
SHORT,CFS,5,49,6591,6539,6542,49.2,44
SHORT,CFS,5,51,20835,20781,20784,36.1,46
SHORT,CFS,5,53,21383,21327,21330,35.2,48
SHORT,CFS,7,55,17869,17811,17814,40.0,48
SHORT,CFS,8,57,19591,19531,19534,37.9,49
SHORT,CFS,9,59,22037,21975,21978,33.9,50
SHORT,CFS,9,61,23630,23565,23569,29.8,52
SHORT,CFS,9,63,10175,10109,10112,47.9,54
SHORT,CFS,9,65,12767,12699,12702,45.5,56
SHORT,CFS,10,67,15755,15685,15688,42.3,57
SHORT,CFS,11,69,11675,11603,11606,46.6,58
SHORT,CFS,11,71,20441,20367,20370,36.7,60
SHORT,CFS,11,73,8055,7979,7982,49.0,62
SHORT,CFS,11,75,22479,22401,22404,33.0,64
SHORT,CFS,12,77,12985,12905,12908,45.2,65
SHORT,CFS,12,79,19323,19241,19244,38.2,67
SHORT,CFS,13,81,8803,8719,8722,48.7,68
SHORT,CFS,14,83,23612,23526,23529,29.8,69
SHORT,CFS,14,85,13263,13175,13178,44.9,71
SHORT,CFS,15,87,23361,23271,23274,30.5,72
SHORT,CFS,15,89,23808,23716,23719,29.0,74
SHORT,CFS,16,91,22723,22629,22632,32.3,75
SHORT,CFS,17,93,19653,19557,19560,37.8,76
SHORT,CFS,17,95,8545,8447,8450,48.8,78
SHORT,CFS,17,97,22331,22231,22234,33.3,80
SHORT,CFS,17,99,14905,14803,14806,43.1,82
SHORT,CFS,18,101,11243,11139,11142,47.0,83
SHORT,CFS,18,103,23877,23765,23774,28.6,85
SHORT,CFS,18,105,14203,14095,14098,43.9,87
SHORT,CFS,19,107,23514,23403,23407,30.1,88
SHORT,CFS,19,109,23418,23305,23309,30.3,90
SHORT,CFS,19,111,23863,23748,23752,28.7,92
SHORT,CFS,19,113,16923,16807,16810,41.1,94
SHORT,CFS,20,115,23719,23599,23604,29.4,95
SHORT,CFS,20,117,17957,17837,17840,39.9,97
SHORT,CFS,20,119,23675,23552,23556,29.6,99
SHORT,CFS,20,121,21133,21009,21012,35.6,101
SHORT,MLFQ,0,0,5333,5317,5333,41.0,0
SHORT,MLFQ,1,22,9147,9108,9125,40.9,21
SHORT,MLFQ,1,33,4380,4328,4347,48.0,32
SHORT,MLFQ,1,44,6253,6195,6209,45.3,43
SHORT,MLFQ,2,55,600,528,545,49.0,53
SHORT,MLFQ,2,66,5388,5301,5322,47.1,64
SHORT,MLFQ,2,77,5394,5301,5317,47.0,75
SHORT,MLFQ,2,88,11748,11644,11660,34.0,86
SHORT,MLFQ,2,99,4476,4359,4377,47.9,97
SHORT,MLFQ,3,110,10349,10221,10239,38.0,107
SHORT,MLFQ,3,121,11351,11210,11230,35.0,118
SHORT,MLFQ,3,132,9223,9071,9091,40.3,129
SHORT,MLFQ,4,143,12402,12239,12259,31.9,139
SHORT,MLFQ,5,154,3524,3351,3370,48.1,149
SHORT,MLFQ,5,165,11383,11198,11218,35.4,160
SHORT,MLFQ,5,176,11775,11584,11599,34.1,171
SHORT,MLFQ,7,187,9895,9693,9708,39.0,180
SHORT,MLFQ,8,198,10458,10240,10260,37.2,190
SHORT,MLFQ,9,209,12111,11886,11902,32.8,200
SHORT,MLFQ,9,220,13047,12810,12827,28.2,211
SHORT,MLFQ,9,231,5644,5395,5413,46.5,222
SHORT,MLFQ,9,242,7296,7042,7054,43.7,233
SHORT,MLFQ,10,253,8744,8473,8491,41.2,243
SHORT,MLFQ,11,264,6546,6265,6282,45.0,253
SHORT,MLFQ,11,275,11022,10727,10747,35.6,264
SHORT,MLFQ,11,286,4810,4510,4524,47.6,275
SHORT,MLFQ,11,297,12426,12117,12129,31.2,286
SHORT,MLFQ,12,308,7367,7044,7059,43.4,296
SHORT,MLFQ,12,319,10561,10228,10242,36.7,307
SHORT,MLFQ,13,330,4889,4547,4559,47.1,317
SHORT,MLFQ,14,341,13051,12696,12710,27.7,327
SHORT,MLFQ,14,352,7420,7049,7068,43.2,338
SHORT,MLFQ,15,363,12905,12528,12542,28.7,348
SHORT,MLFQ,15,374,13221,12833,12847,25.4,359
SHORT,MLFQ,16,385,12505,12108,12120,30.4,369
SHORT,MLFQ,17,396,10671,10254,10275,36.4,379
SHORT,MLFQ,17,407,5030,4604,4623,47.3,390
SHORT,MLFQ,17,418,12260,11826,11842,31.4,401
SHORT,MLFQ,17,429,8271,7828,7842,41.2,412
SHORT,MLFQ,18,440,5996,5535,5556,45.2,422
SHORT,MLFQ,18,451,13285,12815,12834,23.6,433
SHORT,MLFQ,18,462,8296,7821,7834,41.5,444
SHORT,MLFQ,19,473,12966,12477,12493,27.8,454
SHORT,MLFQ,19,484,12974,12472,12490,28.3,465
SHORT,MLFQ,19,495,13289,12780,12794,23.9,476
SHORT,MLFQ,19,506,9670,9147,9164,39.0,487
SHORT,MLFQ,20,517,13138,12601,12621,26.5,497
SHORT,MLFQ,20,528,10275,9731,9747,37.8,508
SHORT,MLFQ,20,539,13151,12600,12612,26.5,519
SHORT,MLFQ,20,550,11731,11164,11181,33.5,530
SHORT,RR,0,0,5100,5084,5100,42.4,0
SHORT,RR,1,22,9147,9108,9125,41.3,21
SHORT,RR,1,33,4874,4822,4841,48.6,32
SHORT,RR,1,44,6645,6587,6601,45.8,43
SHORT,RR,2,55,611,539,556,50.0,53
SHORT,RR,2,66,5366,5279,5300,47.8,64
SHORT,RR,2,77,5372,5279,5295,47.7,75
SHORT,RR,2,88,11918,11814,11830,34.5,86
SHORT,RR,2,99,4412,4295,4313,48.9,97
SHORT,RR,3,110,10338,10210,10228,38.6,107
SHORT,RR,3,121,11548,11407,11427,35.6,118
SHORT,RR,3,132,9190,9038,9058,41.0,129
SHORT,RR,4,143,12402,12239,12259,32.6,139
SHORT,RR,5,154,3403,3230,3249,49.1,149
SHORT,RR,5,165,11351,11166,11186,36.1,160
SHORT,RR,5,176,11758,11567,11582,34.9,171
SHORT,RR,7,187,9829,9627,9642,39.7,180
SHORT,RR,8,198,10656,10438,10458,37.8,190
SHORT,RR,9,209,12100,11875,11891,33.6,200
SHORT,RR,9,220,13047,12810,12827,29.0,211
SHORT,RR,9,231,5501,5252,5270,47.5,222
SHORT,RR,9,242,7164,6910,6922,44.7,233
SHORT,RR,10,253,8612,8341,8359,42.0,243
SHORT,RR,11,264,6388,6107,6124,46.0,253
SHORT,RR,11,275,11165,10870,10890,36.5,264
SHORT,RR,11,286,4581,4281,4295,48.7,275
SHORT,RR,11,297,12415,12106,12118,32.2,286
SHORT,RR,12,319,7202,6868,6883,44.4,307
SHORT,RR,12,330,10704,10360,10374,37.5,318
SHORT,RR,13,341,5124,4771,4783,48.0,328
SHORT,RR,14,352,13051,12685,12699,28.7,338
SHORT,RR,14,363,7233,6851,6870,44.3,349
SHORT,RR,15,374,12883,12495,12509,29.8,359
SHORT,RR,15,385,13221,12822,12836,26.4,370
SHORT,RR,16,396,12571,12163,12175,31.4,380
SHORT,RR,17,407,10759,10331,10352,37.4,390
SHORT,RR,17,418,4711,4274,4293,48.6,401
SHORT,RR,17,429,12326,11881,11897,32.6,412
SHORT,RR,17,440,8373,7919,7933,42.2,423
SHORT,RR,18,451,6106,5634,5655,46.3,433
SHORT,RR,18,462,13289,12808,12827,24.7,444
SHORT,RR,18,473,8039,7553,7566,42.8,455
SHORT,RR,19,484,13007,12507,12523,29.1,465
SHORT,RR,19,495,12924,12411,12429,29.6,476
SHORT,RR,19,506,13280,12760,12774,25.1,487
SHORT,RR,19,517,9417,8883,8900,40.2,498
SHORT,RR,20,528,13149,12601,12621,27.8,508
SHORT,RR,20,539,10022,9467,9483,39.0,519
SHORT,RR,20,550,13151,12589,12601,27.8,530
SHORT,RR,20,561,11731,11153,11170,34.8,541
LONG,FCFS,0,0,194,176,194,46.0,0
LONG,FCFS,0,195,352,143,157,49.0,195
LONG,FCFS,0,353,888,517,535,48.0,353
LONG,FCFS,2,889,1185,275,296,47.0,887
LONG,FCFS,2,1186,1234,33,48,46.0,1184
LONG,FCFS,2,1235,1385,132,150,45.0,1233
LONG,FCFS,3,1386,1802,396,416,44.0,1383
LONG,FCFS,3,1803,1930,110,127,43.0,1800
LONG,FCFS,3,1931,2077,132,146,42.0,1928
LONG,FCFS,3,2078,2626,528,548,41.0,2075
LONG,FCFS,4,2627,2862,220,235,40.0,2623
LONG,FCFS,4,2863,3084,209,221,39.0,2859
LONG,FCFS,5,3085,3553,451,468,38.0,3080
LONG,FCFS,5,3554,3745,176,191,37.0,3549
LONG,FCFS,5,3746,4290,528,544,36.0,3741
LONG,FCFS,6,4291,4505,198,214,35.0,4285
LONG,FCFS,6,4506,4834,308,328,34.0,4500
LONG,FCFS,7,4835,5068,220,233,33.0,4828
LONG,FCFS,7,5069,5243,154,174,32.0,5062
LONG,FCFS,8,5244,5591,330,347,31.0,5236
LONG,FCFS,8,5592,5903,297,311,30.0,5584
LONG,FCFS,9,5904,6164,242,260,29.0,5895
LONG,FCFS,9,6165,6621,440,456,28.0,6156
LONG,FCFS,9,6622,6745,110,123,27.0,6613
LONG,FCFS,10,6746,6802,44,56,26.0,6736
LONG,FCFS,11,6803,7006,187,203,25.0,6792
LONG,FCFS,11,7007,7103,77,96,24.0,6996
LONG,FCFS,13,7104,7157,33,53,23.0,7091
LONG,FCFS,13,7158,7514,341,356,22.0,7145
LONG,FCFS,13,7515,7593,66,78,21.0,7502
LONG,FCFS,14,7594,7894,286,300,20.0,7580
LONG,FCFS,14,7895,8074,165,179,19.0,7881
LONG,FCFS,14,8075,8585,495,510,18.0,8061
LONG,FCFS,14,8586,8750,143,164,17.0,8572
LONG,FCFS,14,8751,8870,99,119,16.0,8737
LONG,FCFS,15,8871,9092,209,221,15.0,8856
LONG,FCFS,16,9093,9130,22,37,14.0,9077
LONG,FCFS,16,9131,9260,110,129,13.0,9115
LONG,FCFS,16,9261,9309,33,48,12.0,9245
LONG,FCFS,16,9310,9474,143,164,11.0,9294
LONG,FCFS,16,9475,10005,517,530,10.0,9459
LONG,FCFS,16,10006,10043,22,37,9.0,9990
LONG,FCFS,16,10044,10070,11,26,8.0,10028
LONG,FCFS,17,10071,10227,143,156,7.0,10054
LONG,FCFS,17,10228,10387,143,159,6.0,10211
LONG,FCFS,18,10388,10827,418,439,5.0,10370
LONG,FCFS,19,10828,10965,121,137,4.0,10809
LONG,FCFS,19,10966,11141,154,175,3.0,10947
LONG,FCFS,19,11142,11228,66,86,2.0,11123
LONG,FCFS,20,11229,11398,154,169,1.0,11209
LONG,CFS,0,0,13881,13869,13881,37.9,0
LONG,CFS,0,11,12079,12061,12068,42.2,11
LONG,CFS,0,17,20034,20008,20017,24.1,17
LONG,CFS,2,22,17101,17074,17079,31.6,20
LONG,CFS,2,26,4203,4173,4177,49.1,24
LONG,CFS,2,29,11687,11654,11658,42.9,27
LONG,CFS,3,32,19118,19081,19086,26.8,29
LONG,CFS,3,35,10199,10160,10164,44.3,32
LONG,CFS,3,38,11417,11375,11379,43.2,35
LONG,CFS,3,41,20069,20024,20028,24.1,38
LONG,CFS,4,43,15377,15331,15334,36.0,39
LONG,CFS,4,45,14909,14861,14864,37.2,41
LONG,CFS,5,47,19645,19595,19598,25.6,42
LONG,CFS,5,49,13757,13705,13708,39.7,44
LONG,CFS,5,51,20066,20010,20015,24.1,46
LONG,CFS,6,53,14673,14617,14620,37.7,47
LONG,CFS,6,55,17843,17785,17788,29.9,49
LONG,CFS,7,57,15315,15255,15258,36.2,50
LONG,CFS,7,59,13031,12969,12972,41.1,52
LONG,CFS,8,61,18219,18155,18158,28.9,53
LONG,CFS,8,63,17461,17395,17398,30.9,55
LONG,CFS,9,65,16125,16057,16060,34.1,56
LONG,CFS,9,67,19541,19470,19474,25.9,58
LONG,CFS,9,69,9925,9853,9856,44.6,60
LONG,CFS,10,71,4873,4799,4802,48.5,61
LONG,CFS,11,73,14265,14189,14192,38.6,62
LONG,CFS,11,75,8011,7933,7936,45.9,64
LONG,CFS,13,77,4701,4621,4624,48.7,64
LONG,CFS,13,79,18383,18301,18304,28.4,66
LONG,CFS,13,81,6601,6517,6520,46.9,68
LONG,CFS,14,83,17205,17119,17122,31.5,69
LONG,CFS,14,85,13251,13163,13166,40.7,71
LONG,CFS,14,87,19921,19830,19834,24.6,73
LONG,CFS,14,89,12551,12459,12462,41.9,75
LONG,CFS,14,91,9703,9609,9612,44.7,77
LONG,CFS,15,93,14933,14837,14840,37.1,78
LONG,CFS,16,95,3323,3225,3228,49.7,79
LONG,CFS,16,97,10393,10293,10296,44.2,81
LONG,CFS,16,99,4269,4167,4170,49.0,83
LONG,CFS,16,101,12555,12451,12454,41.9,85
LONG,CFS,16,103,20017,19909,19914,24.3,87
LONG,CFS,16,105,3333,3225,3228,49.7,89
LONG,CFS,16,107,2353,2243,2246,50.0,91
LONG,CFS,17,109,12067,11955,11958,42.5,92
LONG,CFS,17,111,12257,12143,12146,42.3,94
LONG,CFS,18,113,19379,19262,19266,26.3,95
LONG,CFS,19,115,10909,10791,10794,43.7,96
LONG,CFS,19,117,13109,12989,12992,40.9,98
LONG,CFS,19,119,7303,7181,7184,46.3,100
LONG,CFS,20,121,12787,12663,12666,41.5,101
LONG,MLFQ,0,0,7257,7239,7257,35.6,0
LONG,MLFQ,0,22,6620,6584,6598,42.1,22
LONG,MLFQ,0,33,11357,11306,11324,20.9,33
LONG,MLFQ,2,44,9322,9257,9278,31.9,42
LONG,MLFQ,2,55,2263,2193,2208,48.4,53
LONG,MLFQ,2,66,5935,5851,5869,42.7,64
LONG,MLFQ,3,77,10550,10453,10473,25.3,74
LONG,MLFQ,3,88,5124,5019,5036,44.0,85
LONG,MLFQ,3,99,5972,5859,5873,42.4,96
LONG,MLFQ,3,110,11378,11248,11268,20.2,107
LONG,MLFQ,4,121,8328,8192,8207,35.5,117
LONG,MLFQ,4,132,8330,8186,8198,36.2,128
LONG,MLFQ,5,143,11080,10920,10937,22.9,138
LONG,MLFQ,5,154,7427,7258,7273,38.9,149
LONG,MLFQ,5,165,11395,11214,11230,20.0,160
LONG,MLFQ,6,176,7954,7762,7778,37.0,170
LONG,MLFQ,6,187,9732,9525,9545,29.3,181
LONG,MLFQ,7,198,8410,8199,8212,35.1,191
LONG,MLFQ,7,209,6905,6676,6696,40.9,202
LONG,MLFQ,8,220,9996,9759,9776,27.9,212
LONG,MLFQ,8,231,9758,9513,9527,29.8,223
LONG,MLFQ,9,242,8827,8567,8585,33.2,233
LONG,MLFQ,9,253,10985,10716,10732,22.9,244
LONG,MLFQ,9,264,5468,5191,5204,43.8,255
LONG,MLFQ,10,275,2694,2407,2419,47.7,265
LONG,MLFQ,11,286,8092,7790,7806,37.5,275
LONG,MLFQ,11,297,4622,4306,4325,45.3,286
LONG,MLFQ,13,308,2748,2420,2440,48.0,295
LONG,MLFQ,13,319,10243,9909,9924,26.9,306
LONG,MLFQ,13,330,3734,3392,3404,45.8,317
LONG,MLFQ,14,341,9535,9180,9194,29.9,327
LONG,MLFQ,14,352,7673,7307,7321,39.1,338
LONG,MLFQ,14,363,11327,10949,10964,20.5,349
LONG,MLFQ,14,374,7114,6719,6740,40.8,360
LONG,MLFQ,14,385,5610,5205,5225,43.5,371
LONG,MLFQ,15,396,8566,8158,8170,35.0,381
LONG,MLFQ,16,407,1907,1485,1500,49.0,391
LONG,MLFQ,16,418,5652,5215,5234,42.7,402
LONG,MLFQ,16,429,2951,2507,2522,47.4,413
LONG,MLFQ,16,440,7147,6686,6707,40.2,424
LONG,MLFQ,16,451,11398,10934,10947,19.4,435
LONG,MLFQ,16,462,2011,1534,1549,48.5,446
LONG,MLFQ,16,473,2016,1528,1543,48.3,457
LONG,MLFQ,17,484,7172,6675,6688,39.9,467
LONG,MLFQ,17,495,7178,6667,6683,39.8,478
LONG,MLFQ,18,506,10880,10353,10374,22.8,488
LONG,MLFQ,19,517,6550,6017,6033,41.3,498
LONG,MLFQ,19,528,7222,6673,6694,38.8,509
LONG,MLFQ,19,539,4063,3504,3524,44.5,520
LONG,MLFQ,20,550,7238,6673,6688,38.5,530
LONG,RR,0,0,7164,7146,7164,38.2,0
LONG,RR,0,22,6620,6584,6598,42.7,22
LONG,RR,0,33,11357,11306,11324,21.5,33
LONG,RR,2,44,9311,9246,9267,32.3,42
LONG,RR,2,55,2230,2160,2175,49.2,53
LONG,RR,2,66,6282,6198,6216,43.3,64
LONG,RR,3,77,10627,10530,10550,25.9,74
LONG,RR,3,88,5497,5392,5409,44.6,85
LONG,RR,3,99,6297,6184,6198,43.1,96
LONG,RR,3,110,11392,11262,11282,20.9,107
LONG,RR,4,121,8475,8339,8354,36.0,117
LONG,RR,4,132,8281,8137,8149,36.8,128
LONG,RR,5,143,11058,10898,10915,23.6,138
LONG,RR,5,154,7596,7427,7442,39.4,149
LONG,RR,5,165,11398,11217,11233,20.8,160
LONG,RR,6,176,8092,7900,7916,37.6,170
LONG,RR,6,187,9802,9595,9615,30.1,181
LONG,RR,7,198,8511,8300,8313,35.8,191
LONG,RR,7,209,7101,6872,6892,41.4,202
LONG,RR,8,220,10051,9814,9831,28.8,212
LONG,RR,8,231,9682,9437,9451,30.6,223
LONG,RR,9,242,8893,8633,8651,34.0,233
LONG,RR,9,253,11007,10738,10754,23.9,244
LONG,RR,9,264,5665,5388,5401,44.5,255
LONG,RR,10,275,2940,2653,2665,48.2,265
LONG,RR,11,286,7932,7630,7646,38.3,275
LONG,RR,11,297,4369,4053,4072,46.1,286
LONG,RR,13,319,2493,2154,2174,49.0,306
LONG,RR,13,330,10177,9832,9847,27.9,317
LONG,RR,13,341,3932,3579,3591,46.6,328
LONG,RR,14,352,9568,9202,9216,31.0,338
LONG,RR,14,363,7470,7093,7107,40.0,349
LONG,RR,14,374,11294,10905,10920,21.6,360
LONG,RR,14,385,6884,6478,6499,42.0,371
LONG,RR,14,396,5325,4909,4929,44.7,382
LONG,RR,15,407,8404,7985,7997,36.1,392
LONG,RR,16,418,2066,1633,1648,49.8,402
LONG,RR,16,429,5762,5314,5333,43.9,413
LONG,RR,16,440,2597,2142,2157,48.6,424
LONG,RR,16,451,6906,6434,6455,41.7,435
LONG,RR,16,462,11382,10907,10920,20.7,446
LONG,RR,16,473,2115,1627,1642,49.5,457
LONG,RR,16,484,1588,1089,1104,50.0,468
LONG,RR,17,495,6920,6412,6425,41.5,478
LONG,RR,17,506,6926,6404,6420,41.4,489
LONG,RR,18,517,10880,10342,10363,24.2,499
LONG,RR,19,528,6219,5675,5691,43.0,509
LONG,RR,19,539,7252,6692,6713,40.3,520
LONG,RR,19,550,4096,3526,3546,46.0,531
LONG,RR,20,561,7257,6681,6696,40.2,541
STOL,FCFS,0,0,292,275,292,47.5,0
STOL,FCFS,0,293,398,88,105,49.0,293
STOL,FCFS,1,399,873,462,474,48.0,398
STOL,FCFS,1,874,1422,528,548,47.0,873
STOL,FCFS,1,1423,1965,528,542,46.0,1422
STOL,FCFS,2,1966,2003,22,37,45.0,1964
STOL,FCFS,2,2004,2130,110,126,44.0,2002
STOL,FCFS,2,2131,2653,506,522,43.0,2129
STOL,FCFS,2,2654,2966,297,312,42.0,2652
STOL,FCFS,3,2967,3130,143,163,41.0,2964
STOL,FCFS,3,3131,3261,110,130,40.0,3128
STOL,FCFS,3,3262,3708,429,446,39.0,3259
STOL,FCFS,3,3709,4174,451,465,38.0,3706
STOL,FCFS,3,4175,4277,88,102,37.0,4172
STOL,FCFS,4,4278,4358,66,80,36.0,4274
STOL,FCFS,4,4359,4638,264,279,35.0,4355
STOL,FCFS,4,4639,4843,187,204,34.0,4635
STOL,FCFS,5,4844,5204,341,360,33.0,4839
STOL,FCFS,5,5205,5730,506,525,32.0,5200
STOL,FCFS,5,5731,6099,352,368,31.0,5726
STOL,FCFS,6,6100,6476,363,376,30.0,6094
STOL,FCFS,7,6477,7015,517,538,29.0,6470
STOL,FCFS,8,7016,7078,44,62,28.0,7008
STOL,FCFS,8,7079,7572,473,493,27.0,7071
STOL,FCFS,9,7573,7830,242,257,26.0,7564
STOL,FCFS,9,7831,8196,352,365,25.0,7822
STOL,FCFS,9,8197,8709,495,512,24.0,8188
STOL,FCFS,10,8710,9030,308,320,23.0,8700
STOL,FCFS,10,9031,9244,198,213,22.0,9021
STOL,FCFS,11,9245,9659,396,414,21.0,9234
STOL,FCFS,11,9660,9921,242,261,20.0,9649
STOL,FCFS,12,9922,10375,440,453,19.0,9910
STOL,FCFS,13,10376,10423,33,47,18.0,10363
STOL,FCFS,13,10424,10729,286,305,17.0,10411
STOL,FCFS,13,10730,11114,363,384,16.0,10717
STOL,FCFS,14,11115,11351,220,236,15.0,11101
STOL,FCFS,14,11352,11667,297,315,14.0,11338
STOL,FCFS,14,11668,11739,55,71,13.0,11654
STOL,FCFS,15,11740,11787,33,47,12.0,11725
STOL,FCFS,16,11788,12201,396,413,11.0,11772
STOL,FCFS,16,12202,12515,297,313,10.0,12186
STOL,FCFS,16,12516,12932,396,416,9.0,12500
STOL,FCFS,17,12933,13246,297,313,8.0,12916
STOL,FCFS,18,13247,13622,363,375,7.0,13229
STOL,FCFS,18,13623,13960,319,337,6.0,13605
STOL,FCFS,19,13961,14452,473,491,5.0,13942
STOL,FCFS,20,14453,14744,275,291,4.0,14433
STOL,FCFS,20,14745,15079,319,334,3.0,14725
STOL,FCFS,20,15080,15609,517,529,2.0,15060
STOL,FCFS,20,15610,15774,143,164,1.0,15590
STOL,CFS,0,0,21645,21633,21645,40.0,0
STOL,CFS,0,11,8957,8939,8946,46.9,11
STOL,CFS,1,17,27791,27768,27774,32.2,16
STOL,CFS,1,22,28401,28372,28379,30.5,21
STOL,CFS,1,26,28397,28367,28371,30.6,25
STOL,CFS,2,29,3279,3246,3250,50.0,27
STOL,CFS,2,32,10561,10525,10529,46.3,30
STOL,CFS,2,35,28300,28260,28265,31.0,33
STOL,CFS,2,38,22725,22683,22687,40.1,36
STOL,CFS,3,41,13297,13253,13256,44.9,38
STOL,CFS,3,43,10897,10851,10854,46.2,40
STOL,CFS,3,45,27247,27199,27202,33.6,42
STOL,CFS,3,47,27637,27587,27590,32.7,44
STOL,CFS,3,49,8719,8667,8670,47.4,46
STOL,CFS,4,51,6959,6905,6908,48.3,47
STOL,CFS,4,53,20891,20835,20838,41.3,49
STOL,CFS,4,55,16121,16063,16066,43.5,51
STOL,CFS,5,57,24789,24729,24732,37.9,52
STOL,CFS,5,59,28332,28270,28273,30.9,54
STOL,CFS,5,61,25083,25019,25022,37.5,56
STOL,CFS,6,63,25351,25285,25288,37.1,57
STOL,CFS,7,65,28390,28322,28325,30.7,58
STOL,CFS,8,67,5515,5445,5448,49.1,59
STOL,CFS,8,69,28043,27970,27974,31.8,61
STOL,CFS,9,71,19573,19499,19502,41.9,62
STOL,CFS,9,73,24969,24893,24896,37.6,64
STOL,CFS,9,75,28234,28156,28159,31.3,66
STOL,CFS,10,77,23113,23033,23036,39.8,67
STOL,CFS,10,79,16735,16653,16656,43.3,69
STOL,CFS,11,81,26497,26413,26416,35.1,70
STOL,CFS,11,83,19855,19769,19772,41.8,72
STOL,CFS,12,85,27403,27315,27318,33.2,73
STOL,CFS,13,87,4215,4125,4128,49.8,74
STOL,CFS,13,89,22403,22311,22314,40.3,76
STOL,CFS,13,91,25635,25541,25544,36.6,78
STOL,CFS,14,93,18259,18163,18166,42.5,79
STOL,CFS,14,95,22919,22821,22824,39.9,81
STOL,CFS,14,97,6279,6179,6182,48.7,83
STOL,CFS,15,99,4227,4125,4128,49.7,84
STOL,CFS,16,101,26469,26365,26368,35.2,85
STOL,CFS,16,103,22815,22709,22712,40.0,87
STOL,CFS,16,105,26557,26449,26452,35.0,89
STOL,CFS,17,107,22819,22709,22712,40.0,90
STOL,CFS,18,109,25331,25219,25222,37.1,91
STOL,CFS,18,111,23891,23777,23780,38.9,93
STOL,CFS,19,113,28022,27905,27909,31.8,94
STOL,CFS,20,115,21639,21521,21524,40.8,95
STOL,CFS,20,117,23755,23635,23638,39.0,97
STOL,CFS,20,119,28351,28228,28232,30.8,99
STOL,CFS,20,121,13441,13317,13320,44.8,101
STOL,MLFQ,0,0,11760,11743,11760,37.7,0
STOL,MLFQ,0,22,4261,4222,4239,46.8,22
STOL,MLFQ,1,33,15219,15174,15186,31.6,32
STOL,MLFQ,1,44,15746,15682,15702,28.5,43
STOL,MLFQ,1,55,15761,15692,15706,28.4,54
STOL,MLFQ,2,66,1225,1144,1159,49.0,64
STOL,MLFQ,2,77,5283,5190,5206,45.5,75
STOL,MLFQ,2,88,15654,15550,15566,29.5,86
STOL,MLFQ,2,99,12517,12403,12418,39.2,97
STOL,MLFQ,3,110,7118,6988,7008,44.1,107
STOL,MLFQ,3,121,5370,5229,5249,45.3,118
STOL,MLFQ,3,132,15038,14889,14906,32.9,129
STOL,MLFQ,3,143,15289,15132,15146,31.8,140
STOL,MLFQ,3,154,4496,4328,4342,46.4,151
STOL,MLFQ,4,165,3533,3354,3368,47.5,161
STOL,MLFQ,4,176,11225,11034,11049,40.1,172
STOL,MLFQ,4,187,8874,8670,8687,42.3,183
STOL,MLFQ,5,198,13628,13411,13430,36.9,193
STOL,MLFQ,5,209,15674,15446,15465,29.0,204
STOL,MLFQ,5,220,13667,13431,13447,36.4,215
STOL,MLFQ,6,231,14102,13858,13871,35.8,225
STOL,MLFQ,7,242,15772,15509,15530,28.3,235
STOL,MLFQ,8,253,2674,2403,2421,48.3,245
STOL,MLFQ,8,264,15541,15257,15277,30.4,256
STOL,MLFQ,9,275,10617,10327,10342,40.6,266
STOL,MLFQ,9,286,13747,13448,13461,36.2,277
STOL,MLFQ,9,297,15703,15389,15406,29.2,288
STOL,MLFQ,10,308,12750,12430,12442,38.3,298
STOL,MLFQ,10,319,9110,8776,8791,41.8,309
STOL,MLFQ,11,330,14552,14204,14222,33.9,319
STOL,MLFQ,11,341,10725,10365,10384,40.4,330
STOL,MLFQ,12,352,15162,14797,14810,31.7,340
STOL,MLFQ,13,363,2876,2499,2513,48.2,350
STOL,MLFQ,13,374,12176,11783,11802,38.9,361
STOL,MLFQ,13,385,14223,13817,13838,35.3,372
STOL,MLFQ,14,396,10029,9617,9633,41.0,382
STOL,MLFQ,14,407,12824,12399,12417,38.3,393
STOL,MLFQ,14,418,3979,3545,3561,47.1,404
STOL,MLFQ,15,429,2990,2547,2561,48.0,414
STOL,MLFQ,16,440,14592,14135,14152,33.5,424
STOL,MLFQ,16,451,12852,12385,12401,38.1,435
STOL,MLFQ,16,462,14613,14131,14151,33.4,446
STOL,MLFQ,17,473,12880,12391,12407,38.1,456
STOL,MLFQ,18,484,14269,13773,13785,35.0,466
STOL,MLFQ,18,495,13438,12925,12943,37.1,477
STOL,MLFQ,19,506,15571,15047,15065,29.5,487
STOL,MLFQ,20,517,12380,11847,11863,38.9,497
STOL,MLFQ,20,528,13465,12922,12937,37.0,508
STOL,MLFQ,20,539,15774,15223,15235,27.2,519
STOL,MLFQ,20,550,7833,7262,7283,43.1,530
STOL,RR,0,0,11260,11243,11260,39.4,0
STOL,RR,0,22,4734,4695,4712,47.5,22
STOL,RR,1,33,15322,15277,15289,32.2,32
STOL,RR,1,44,15770,15706,15726,29.0,43
STOL,RR,1,55,15774,15705,15719,29.0,54
STOL,RR,2,66,1720,1639,1654,50.0,64
STOL,RR,2,77,5701,5608,5624,46.4,75
STOL,RR,2,88,15694,15590,15606,30.1,86
STOL,RR,2,99,12473,12359,12374,40.1,97
STOL,RR,3,110,7063,6933,6953,45.1,107
STOL,RR,3,121,5744,5603,5623,46.3,118
STOL,RR,3,132,14994,14845,14862,33.6,129
STOL,RR,3,143,15254,15097,15111,32.6,140
STOL,RR,3,154,4848,4680,4694,47.3,151
STOL,RR,4,165,3891,3712,3726,48.2,161
STOL,RR,4,176,11496,11305,11320,41.1,172
STOL,RR,4,187,8786,8582,8599,43.4,183
STOL,RR,5,198,13562,13345,13364,37.8,193
STOL,RR,5,209,15703,15475,15494,29.8,204
STOL,RR,5,220,13810,13574,13590,37.3,215
STOL,RR,6,231,14025,13781,13794,36.7,225
STOL,RR,7,242,15758,15495,15516,29.2,235
STOL,RR,8,253,2968,2697,2715,49.2,245
STOL,RR,8,264,15486,15202,15222,31.3,256
STOL,RR,9,275,10837,10547,10562,41.7,266
STOL,RR,9,286,13846,13547,13560,37.2,277
STOL,RR,9,297,15655,15341,15358,30.2,288
STOL,RR,10,308,12880,12560,12572,39.3,298
STOL,RR,10,319,9308,8974,8989,43.0,309
STOL,RR,11,330,14607,14259,14277,34.9,319
STOL,RR,11,341,10890,10530,10549,41.6,330
STOL,RR,12,363,15184,14808,14821,32.7,351
STOL,RR,13,374,2560,2172,2186,49.6,361
STOL,RR,13,385,12303,11899,11918,40.0,372
STOL,RR,13,396,14091,13674,13695,36.5,383
STOL,RR,14,407,10172,9749,9765,42.2,393
STOL,RR,14,418,12635,12199,12217,39.6,404
STOL,RR,14,429,3634,3189,3205,48.4,415
STOL,RR,15,440,2619,2165,2179,49.4,425
STOL,RR,16,451,14625,14157,14174,34.7,435
STOL,RR,16,462,12652,12174,12190,39.4,446
STOL,RR,16,473,14635,14142,14162,34.6,457
STOL,RR,17,484,12669,12169,12185,39.4,467
STOL,RR,18,495,14115,13608,13620,36.3,477
STOL,RR,18,506,13218,12694,12712,38.4,488
STOL,RR,19,517,15505,14970,14988,30.8,498
STOL,RR,20,528,12074,11530,11546,40.3,508
STOL,RR,20,539,13234,12680,12695,38.3,519
STOL,RR,20,550,15760,15198,15210,28.7,530
STOL,RR,20,561,7437,6855,6876,44.5,541
LTOS,FCFS,0,0,339,319,339,47.7,0
LTOS,FCFS,2,340,687,330,347,49.0,338
LTOS,FCFS,2,688,1204,495,516,48.0,686
LTOS,FCFS,3,1205,1474,253,269,47.0,1202
LTOS,FCFS,3,1475,1648,154,173,46.0,1472
LTOS,FCFS,3,1649,1835,165,186,45.0,1646
LTOS,FCFS,4,1836,2074,220,238,44.0,1832
LTOS,FCFS,5,2075,2215,121,140,43.0,2070
LTOS,FCFS,5,2216,2416,187,200,42.0,2211
LTOS,FCFS,5,2417,2950,517,533,41.0,2412
LTOS,FCFS,5,2951,3464,495,513,40.0,2946
LTOS,FCFS,5,3465,3481,0,16,39.0,3460
LTOS,FCFS,6,3482,3862,363,380,38.0,3476
LTOS,FCFS,6,3863,4253,374,390,37.0,3857
LTOS,FCFS,6,4254,4671,396,417,36.0,4248
LTOS,FCFS,7,4672,4791,99,119,35.0,4665
LTOS,FCFS,8,4792,4817,11,25,34.0,4784
LTOS,FCFS,9,4818,5261,429,443,33.0,4809
LTOS,FCFS,9,5262,5551,275,289,32.0,5253
LTOS,FCFS,9,5552,5656,88,104,31.0,5543
LTOS,FCFS,9,5657,5975,297,318,30.0,5648
LTOS,FCFS,9,5976,6451,462,475,29.0,5967
LTOS,FCFS,9,6452,6464,0,12,28.0,6443
LTOS,FCFS,10,6465,6835,352,370,27.0,6455
LTOS,FCFS,10,6836,6916,66,80,26.0,6826
LTOS,FCFS,11,6917,7076,143,159,25.0,6906
LTOS,FCFS,11,7077,7173,77,96,24.0,7066
LTOS,FCFS,11,7174,7465,275,291,23.0,7163
LTOS,FCFS,12,7466,7918,440,452,22.0,7454
LTOS,FCFS,12,7919,8400,462,481,21.0,7907
LTOS,FCFS,12,8401,8746,330,345,20.0,8389
LTOS,FCFS,13,8747,8817,55,70,19.0,8734
LTOS,FCFS,13,8818,8995,165,177,18.0,8805
LTOS,FCFS,13,8996,9483,473,487,17.0,8983
LTOS,FCFS,14,9484,9558,55,74,16.0,9470
LTOS,FCFS,14,9559,9862,286,303,15.0,9545
LTOS,FCFS,14,9863,10035,154,172,14.0,9849
LTOS,FCFS,15,10036,10059,11,23,13.0,10021
LTOS,FCFS,15,10060,10424,352,364,12.0,10045
LTOS,FCFS,15,10425,10917,473,492,11.0,10410
LTOS,FCFS,15,10918,11462,528,544,10.0,10903
LTOS,FCFS,16,11463,11808,330,345,9.0,11447
LTOS,FCFS,16,11809,12087,264,278,8.0,11793
LTOS,FCFS,17,12088,12483,374,395,7.0,12071
LTOS,FCFS,17,12484,12548,44,64,6.0,12467
LTOS,FCFS,18,12549,12876,308,327,5.0,12531
LTOS,FCFS,18,12877,13037,143,160,4.0,12859
LTOS,FCFS,19,13038,13294,242,256,3.0,13019
LTOS,FCFS,20,13295,13728,418,433,2.0,13275
LTOS,FCFS,20,13729,13796,55,67,1.0,13709
LTOS,CFS,0,0,21453,21441,21453,33.8,0
LTOS,CFS,2,11,21731,21713,21720,34.2,9
LTOS,CFS,2,17,24708,24684,24691,28.1,15
LTOS,CFS,3,22,18407,18380,18385,37.6,19
LTOS,CFS,3,26,13179,13149,13153,41.9,23
LTOS,CFS,3,29,13957,13924,13928,41.2,26
LTOS,CFS,4,32,16805,16769,16773,38.9,28
LTOS,CFS,5,35,11009,10970,10974,43.3,30
LTOS,CFS,5,38,14705,14663,14667,40.6,33
LTOS,CFS,5,41,24746,24699,24705,28.1,36
LTOS,CFS,5,43,24701,24654,24658,28.3,38
LTOS,CFS,5,45,1395,1347,1350,49.7,40
LTOS,CFS,6,47,22715,22665,22668,32.9,41
LTOS,CFS,6,49,22969,22917,22920,32.4,43
LTOS,CFS,6,51,23583,23529,23532,31.1,45
LTOS,CFS,7,53,9577,9521,9524,44.3,46
LTOS,CFS,8,55,2161,2103,2106,49.0,47
LTOS,CFS,9,57,24075,24015,24018,29.9,48
LTOS,CFS,9,59,19375,19313,19316,36.9,50
LTOS,CFS,9,61,8489,8425,8428,45.1,52
LTOS,CFS,9,63,20653,20587,20590,35.7,54
LTOS,CFS,9,65,24443,24375,24378,29.1,56
LTOS,CFS,9,67,1031,961,964,50.0,58
LTOS,CFS,10,69,22453,22381,22384,33.3,59
LTOS,CFS,10,71,6703,6629,6632,46.4,61
LTOS,CFS,11,73,12291,12215,12218,42.6,62
LTOS,CFS,11,75,7937,7859,7862,45.4,64
LTOS,CFS,11,77,19483,19403,19406,36.8,66
LTOS,CFS,12,79,24180,24097,24101,29.7,67
LTOS,CFS,12,81,24508,24424,24427,28.9,69
LTOS,CFS,12,83,21679,21593,21596,34.5,71
LTOS,CFS,13,85,5949,5861,5864,46.9,72
LTOS,CFS,13,87,13413,13323,13326,41.8,74
LTOS,CFS,13,89,24547,24454,24458,28.8,76
LTOS,CFS,14,91,6299,6205,6208,46.7,77
LTOS,CFS,14,93,20021,19925,19928,36.3,79
LTOS,CFS,14,95,13151,13053,13056,42.0,81
LTOS,CFS,15,97,2011,1911,1914,49.1,82
LTOS,CFS,15,99,22267,22165,22168,33.6,84
LTOS,CFS,15,101,24594,24490,24493,28.6,86
LTOS,CFS,15,103,24759,24648,24656,27.9,88
LTOS,CFS,16,105,21689,21581,21584,34.5,89
LTOS,CFS,16,107,18881,18771,18774,37.3,91
LTOS,CFS,17,109,23117,23005,23008,32.1,92
LTOS,CFS,17,111,5525,5411,5414,47.1,94
LTOS,CFS,18,113,21029,20913,20916,35.3,95
LTOS,CFS,18,115,12395,12277,12280,42.5,97
LTOS,CFS,19,117,17781,17661,17664,38.1,98
LTOS,CFS,20,119,23907,23785,23788,30.3,99
LTOS,CFS,20,121,5715,5591,5594,47.0,101
LTOS,MLFQ,0,0,11654,11634,11654,32.5,0
LTOS,MLFQ,2,22,11672,11633,11650,34.2,20
LTOS,MLFQ,2,33,13721,13667,13688,26.4,31
LTOS,MLFQ,3,44,10096,10036,10052,37.5,41
LTOS,MLFQ,3,55,6708,6634,6653,42.0,52
LTOS,MLFQ,3,66,7477,7390,7411,41.3,63
LTOS,MLFQ,4,77,8843,8748,8766,38.6,73
LTOS,MLFQ,5,88,5940,5833,5852,43.3,83
LTOS,MLFQ,5,99,8186,8074,8087,40.0,94
LTOS,MLFQ,5,110,13779,13653,13669,25.1,105
LTOS,MLFQ,5,121,13751,13612,13630,26.1,116
LTOS,MLFQ,5,132,676,528,544,49.0,127
LTOS,MLFQ,6,143,12513,12353,12370,32.2,137
LTOS,MLFQ,6,154,12530,12360,12376,31.6,148
LTOS,MLFQ,6,165,12838,12652,12673,30.5,159
LTOS,MLFQ,7,176,5249,5053,5073,44.3,169
LTOS,MLFQ,8,187,1419,1218,1232,48.0,179
LTOS,MLFQ,9,198,13320,13108,13122,28.8,189
LTOS,MLFQ,9,209,10819,10596,10610,36.0,200
LTOS,MLFQ,9,220,4438,4202,4218,44.7,211
LTOS,MLFQ,9,231,11360,11108,11129,35.0,222
LTOS,MLFQ,9,242,13523,13268,13281,27.2,233
LTOS,MLFQ,9,253,788,523,535,48.5,244
LTOS,MLFQ,10,264,12273,11991,12009,32.4,254
LTOS,MLFQ,10,275,3591,3302,3316,45.8,265
LTOS,MLFQ,11,286,7000,6698,6714,41.5,275
LTOS,MLFQ,11,297,4535,4219,4238,44.8,286
LTOS,MLFQ,11,308,10891,10567,10583,35.6,297
LTOS,MLFQ,12,319,13355,13024,13036,27.9,307
LTOS,MLFQ,12,330,13543,13194,13213,26.9,318
LTOS,MLFQ,12,341,11930,11574,11589,33.2,329
LTOS,MLFQ,13,352,3728,3361,3376,45.9,339
LTOS,MLFQ,13,363,7831,7456,7468,40.2,350
LTOS,MLFQ,13,374,13679,13291,13305,26.2,361
LTOS,MLFQ,14,385,3781,3377,3396,45.7,371
LTOS,MLFQ,14,396,10997,10584,10601,34.9,382
LTOS,MLFQ,14,407,7173,6748,6766,40.6,393
LTOS,MLFQ,15,418,1839,1409,1421,47.3,403
LTOS,MLFQ,15,429,12352,11911,11923,31.7,414
LTOS,MLFQ,15,440,13688,13229,13248,26.0,425
LTOS,MLFQ,15,451,13796,13329,13345,23.4,436
LTOS,MLFQ,16,462,12034,11557,11572,32.8,446
LTOS,MLFQ,16,473,10551,10064,10078,35.7,457
LTOS,MLFQ,17,484,12728,12223,12244,30.4,467
LTOS,MLFQ,17,495,3004,2489,2509,46.0,478
LTOS,MLFQ,18,506,11622,11097,11116,33.7,488
LTOS,MLFQ,18,517,7334,6800,6817,40.7,499
LTOS,MLFQ,19,528,10002,9460,9474,36.3,509
LTOS,MLFQ,20,539,13250,12696,12711,28.1,519
LTOS,MLFQ,20,550,4047,3485,3497,45.0,530
LTOS,RR,0,0,11304,11284,11304,34.2,0
LTOS,RR,2,22,11881,11842,11859,34.7,20
LTOS,RR,2,33,13721,13667,13688,27.0,31
LTOS,RR,3,44,10074,10014,10030,38.0,41
LTOS,RR,3,55,7062,6988,7007,42.4,52
LTOS,RR,3,66,7444,7357,7378,41.8,63
LTOS,RR,4,77,9129,9034,9052,39.1,73
LTOS,RR,5,88,5874,5767,5786,43.8,83
LTOS,RR,5,99,8142,8030,8043,40.5,94
LTOS,RR,5,110,13779,13653,13669,25.8,105
LTOS,RR,5,121,13740,13601,13619,26.8,116
LTOS,RR,5,132,687,539,555,50.0,127
LTOS,RR,6,143,12480,12320,12337,32.9,137
LTOS,RR,6,154,12640,12470,12486,32.3,148
LTOS,RR,6,165,12926,12740,12761,31.2,159
LTOS,RR,7,176,5106,4910,4930,44.7,169
LTOS,RR,8,187,1265,1064,1078,49.0,179
LTOS,RR,9,198,13287,13075,13089,29.7,189
LTOS,RR,9,209,10731,10508,10522,36.8,200
LTOS,RR,9,220,4700,4464,4480,45.2,211
LTOS,RR,9,231,11272,11020,11041,35.8,222
LTOS,RR,9,242,13567,13312,13325,28.1,233
LTOS,RR,9,253,799,534,546,49.5,244
LTOS,RR,10,264,12361,12079,12097,33.2,254
LTOS,RR,10,275,3838,3549,3563,46.2,265
LTOS,RR,11,286,6815,6513,6529,42.4,275
LTOS,RR,11,297,4309,3993,4012,45.6,286
LTOS,RR,11,308,10770,10446,10462,36.6,297
LTOS,RR,12,330,13399,13057,13069,28.9,318
LTOS,RR,12,341,13576,13216,13235,27.9,329
LTOS,RR,12,352,12007,11640,11655,34.1,340
LTOS,RR,13,363,3449,3071,3086,46.9,350
LTOS,RR,13,374,7633,7247,7259,41.1,361
LTOS,RR,13,385,13646,13247,13261,27.3,372
LTOS,RR,14,396,3480,3065,3084,46.7,382
LTOS,RR,14,407,11096,10672,10689,36.0,393
LTOS,RR,14,418,7301,6865,6883,41.6,404
LTOS,RR,15,429,1487,1046,1058,48.3,414
LTOS,RR,15,440,12396,11944,11956,32.9,425
LTOS,RR,15,451,13655,13185,13204,27.2,436
LTOS,RR,15,462,13796,13318,13334,24.7,447
LTOS,RR,16,473,12056,11568,11583,33.9,457
LTOS,RR,16,484,10606,10108,10122,36.8,468
LTOS,RR,17,495,12739,12223,12244,31.7,478
LTOS,RR,17,506,3081,2555,2575,47.0,489
LTOS,RR,18,517,11643,11107,11126,34.8,499
LTOS,RR,18,528,6998,6453,6470,42.0,510
LTOS,RR,19,539,10035,9482,9496,37.5,520
LTOS,RR,20,550,13250,12685,12700,29.5,530
LTOS,RR,20,561,3614,3041,3053,46.3,541
