plist configuration,plist configuration,scheduler,instantiation times,start_times,finish times,total wait times,turnaround times,average queue lengths,response times
RAND,FCFS,0,0,701,682,701,30.9,0,
RAND,FCFS,0,702,1426,704,724,49.0,702,
RAND,FCFS,0,1427,1833,385,406,48.0,1427,
RAND,FCFS,1,1834,2168,319,334,47.0,1833,
RAND,FCFS,1,2169,2416,231,247,46.0,2168,
RAND,FCFS,2,2417,3311,880,894,45.0,2415,
RAND,FCFS,2,3312,3360,33,48,44.0,3310,
RAND,FCFS,3,3361,4343,968,982,43.0,3358,
RAND,FCFS,4,4344,4439,77,95,42.0,4340,
RAND,FCFS,4,4440,5027,572,587,41.0,4436,
RAND,FCFS,5,5028,5491,451,463,40.0,5023,
RAND,FCFS,5,5492,6253,748,761,39.0,5487,
RAND,FCFS,6,6254,6406,132,152,38.0,6248,
RAND,FCFS,6,6407,6477,55,70,37.0,6401,
RAND,FCFS,6,6478,6580,88,102,36.0,6472,
RAND,FCFS,7,6581,7289,693,708,35.0,6574,
RAND,FCFS,7,7290,7428,121,138,34.0,7283,
RAND,FCFS,8,7429,8228,781,799,33.0,7421,
RAND,FCFS,8,8229,8598,352,369,32.0,8221,
RAND,FCFS,8,8599,8868,253,269,31.0,8591,
RAND,FCFS,9,8869,9446,561,577,30.0,8860,
RAND,FCFS,9,9447,10497,1034,1050,29.0,9438,
RAND,FCFS,10,10498,10885,374,387,28.0,10488,
RAND,FCFS,10,10886,10961,55,75,27.0,10876,
RAND,FCFS,10,10962,11965,990,1003,26.0,10952,
RAND,FCFS,10,11966,12819,836,853,25.0,11956,
RAND,FCFS,11,12820,13628,792,808,24.0,12809,
RAND,FCFS,11,13629,14412,770,783,23.0,13618,
RAND,FCFS,11,14413,14661,231,248,22.0,14402,
RAND,FCFS,11,14662,14988,308,326,21.0,14651,
RAND,FCFS,11,14989,15278,275,289,20.0,14978,
RAND,FCFS,12,15279,16292,1001,1013,19.0,15267,
RAND,FCFS,13,16293,17363,1056,1070,18.0,16280,
RAND,FCFS,13,17364,17457,77,93,17.0,17351,
RAND,FCFS,13,17458,18092,616,634,16.0,17445,
RAND,FCFS,15,18093,18299,187,206,15.0,18078,
RAND,FCFS,16,18300,19043,726,743,14.0,18284,
RAND,FCFS,16,19044,19381,319,337,13.0,19028,
RAND,FCFS,17,19382,19908,506,526,12.0,19365,
RAND,FCFS,17,19909,20771,847,862,11.0,19892,
RAND,FCFS,17,20772,21062,275,290,10.0,20755,
RAND,FCFS,18,21063,21463,385,400,9.0,21045,
RAND,FCFS,18,21464,22120,638,656,8.0,21446,
RAND,FCFS,18,22121,22659,517,538,7.0,22103,
RAND,FCFS,18,22660,23401,726,741,6.0,22642,
RAND,FCFS,19,23402,23939,517,537,5.0,23383,
RAND,FCFS,20,23940,24763,803,823,4.0,23920,
RAND,FCFS,20,24764,25748,968,984,3.0,24744,
RAND,FCFS,20,25749,26194,429,445,2.0,25729,
RAND,FCFS,20,26195,26567,352,372,1.0,26175,
RAND,CFS,0,0,42769,42757,42769,33.0,0,
RAND,CFS,0,11,43499,43481,43488,32.8,11,
RAND,CFS,0,17,30195,30172,30178,40.7,17,
RAND,CFS,1,22,26001,25974,25979,42.7,21,
RAND,CFS,1,26,20121,20091,20095,44.7,25,
RAND,CFS,2,29,46617,46584,46588,29.6,27,
RAND,CFS,2,32,4267,4231,4235,49.0,30,
RAND,CFS,3,35,47339,47300,47304,28.4,32,
RAND,CFS,4,38,8405,8363,8367,48.5,34,
RAND,CFS,4,41,38607,38563,38566,36.1,37,
RAND,CFS,5,43,33029,32983,32986,39.2,38,
RAND,CFS,5,45,44497,44449,44452,32.1,40,
RAND,CFS,6,47,12979,12929,12932,46.8,41,
RAND,CFS,6,49,6241,6189,6192,49.1,43,
RAND,CFS,6,51,8955,8901,8904,48.3,45,
RAND,CFS,7,53,42995,42939,42942,33.4,46,
RAND,CFS,7,55,11863,11805,11808,47.2,48,
RAND,CFS,8,57,45381,45321,45324,31.2,49,
RAND,CFS,8,59,28137,28075,28078,41.9,51,
RAND,CFS,8,61,21703,21639,21642,44.3,53,
RAND,CFS,9,63,38217,38151,38154,36.4,54,
RAND,CFS,9,65,47565,47493,47500,28.0,56,
RAND,CFS,10,67,29143,29073,29076,41.4,57,
RAND,CFS,10,69,6741,6669,6672,49.2,59,
RAND,CFS,10,71,47452,47378,47381,28.3,61,
RAND,CFS,10,73,46213,46136,46140,30.2,63,
RAND,CFS,11,75,45565,45487,45490,31.0,64,
RAND,CFS,11,77,45029,44949,44952,31.6,66,
RAND,CFS,11,79,20235,20153,20156,44.8,68,
RAND,CFS,11,81,25541,25457,25460,43.0,70,
RAND,CFS,11,83,23089,23003,23006,43.9,72,
RAND,CFS,12,85,47483,47393,47398,28.2,73,
RAND,CFS,13,87,47589,47494,47502,27.9,74,
RAND,CFS,13,89,8265,8173,8176,48.9,76,
RAND,CFS,13,91,40435,40341,40344,35.0,78,
RAND,CFS,15,93,17131,17035,17038,45.6,78,
RAND,CFS,16,95,44065,43967,43970,32.6,79,
RAND,CFS,16,97,26245,26145,26148,42.8,81,
RAND,CFS,17,99,36073,35971,35974,37.7,82,
RAND,CFS,17,101,46318,46213,46217,30.1,84,
RAND,CFS,17,103,23179,23073,23076,43.9,86,
RAND,CFS,18,105,29885,29777,29780,41.1,87,
RAND,CFS,18,107,41241,41131,41134,34.5,89,
RAND,CFS,18,109,36629,36517,36520,37.4,91,
RAND,CFS,18,111,44007,43893,43896,32.6,93,
RAND,CFS,19,113,36583,36467,36470,37.4,94,
RAND,CFS,20,115,45853,45735,45738,30.6,95,
RAND,CFS,20,117,47354,47233,47237,28.5,97,
RAND,CFS,20,119,32207,32085,32088,39.8,99,
RAND,CFS,20,121,28373,28249,28252,41.9,101,
RAND,MLFQ,0,0,22438,22419,22438,5.0,0,
RAND,MLFQ,0,22,23190,23148,23168,5.0,22,
RAND,MLFQ,0,44,15486,15421,15442,5.0,44,
RAND,MLFQ,1,66,13461,13380,13395,5.0,65,
RAND,MLFQ,1,88,10156,10052,10068,5.0,87,
RAND,MLFQ,2,110,25695,25571,25585,5.0,108,
RAND,MLFQ,2,132,1665,1518,1533,5.0,130,
RAND,MLFQ,3,154,26249,26081,26095,5.0,151,
RAND,MLFQ,4,176,3976,3782,3800,5.0,172,
RAND,MLFQ,4,198,21092,20879,20894,5.0,194,
RAND,MLFQ,5,220,18058,17826,17838,5.0,215,
RAND,MLFQ,5,242,24409,24154,24167,5.0,237,
RAND,MLFQ,6,264,6764,6480,6500,5.0,258,
RAND,MLFQ,6,286,3298,2997,3012,5.0,280,
RAND,MLFQ,6,308,4882,4560,4574,5.0,302,
RAND,MLFQ,7,330,23624,23279,23294,5.0,323,
RAND,MLFQ,7,352,6424,6055,6072,5.0,345,
RAND,MLFQ,8,374,24937,24545,24563,5.0,366,
RAND,MLFQ,8,396,15442,15029,15046,5.0,388,
RAND,MLFQ,8,418,11962,11528,11544,5.0,410,
RAND,MLFQ,9,440,21109,20653,20669,5.0,431,
RAND,MLFQ,9,462,26541,26063,26079,5.0,453,
RAND,MLFQ,10,484,16258,15761,15774,5.0,474,
RAND,MLFQ,10,506,3737,3211,3231,5.0,496,
RAND,MLFQ,10,528,26445,25904,25917,5.0,518,
RAND,MLFQ,10,550,25554,24987,25004,5.0,540,
RAND,MLFQ,11,572,25141,24553,24569,5.0,561,
RAND,MLFQ,11,594,24896,24289,24302,5.0,583,
RAND,MLFQ,11,616,11373,10740,10757,5.0,605,
RAND,MLFQ,11,638,14239,13583,13601,5.0,627,
RAND,MLFQ,11,660,13088,12414,12428,5.0,649,
RAND,MLFQ,12,682,26480,25786,25798,5.0,670,
RAND,MLFQ,13,704,26567,25849,25863,5.0,691,
RAND,MLFQ,13,726,4976,4234,4250,5.0,713,
RAND,MLFQ,13,748,22457,21691,21709,5.0,735,
RAND,MLFQ,15,770,9699,8910,8929,5.0,755,
RAND,MLFQ,16,792,24368,23559,23576,5.0,776,
RAND,MLFQ,16,814,14720,13888,13906,5.0,798,
RAND,MLFQ,17,836,20043,19187,19207,5.0,819,
RAND,MLFQ,17,858,25680,24807,24822,5.0,841,
RAND,MLFQ,17,880,13236,12341,12356,5.0,863,
RAND,MLFQ,18,902,16824,15907,15922,5.0,884,
RAND,MLFQ,18,924,22916,21974,21992,5.0,906,
RAND,MLFQ,18,946,20373,19406,19427,5.0,928,
RAND,MLFQ,18,968,24406,23423,23438,5.0,950,
RAND,MLFQ,19,990,20405,19395,19415,5.0,971,
RAND,MLFQ,20,1012,25327,24295,24315,5.0,992,
RAND,MLFQ,20,1034,26398,25348,25364,5.0,1014,
RAND,MLFQ,20,1056,18174,17102,17118,5.0,1036,
RAND,MLFQ,20,1078,16013,14915,14935,5.0,1058,
SHORT,FCFS,1,1,214,198,213,10.5,0,
SHORT,FCFS,1,215,232,0,17,20.5,214,
SHORT,FCFS,2,233,645,396,412,38.1,231,
SHORT,FCFS,2,646,1082,418,436,47.0,644,
SHORT,FCFS,2,1083,1133,33,50,46.0,1081,
SHORT,FCFS,2,1134,1251,99,117,45.0,1132,
SHORT,FCFS,3,1252,1266,0,14,44.0,1249,
SHORT,FCFS,3,1267,1753,473,486,43.0,1264,
SHORT,FCFS,3,1754,1867,99,113,42.0,1751,
SHORT,FCFS,3,1868,2390,506,522,41.0,1865,
SHORT,FCFS,3,2391,2803,396,412,40.0,2388,
SHORT,FCFS,4,2804,3032,209,228,39.0,2800,
SHORT,FCFS,4,3033,3056,11,23,38.0,3029,
SHORT,FCFS,4,3057,3397,319,340,37.0,3053,
SHORT,FCFS,4,3398,3765,352,367,36.0,3394,
SHORT,FCFS,5,3766,4116,330,350,35.0,3761,
SHORT,FCFS,6,4117,4247,110,130,34.0,4111,
SHORT,FCFS,6,4248,4368,99,120,33.0,4242,
SHORT,FCFS,7,4369,4918,528,549,32.0,4362,
SHORT,FCFS,7,4919,5391,451,472,31.0,4912,
SHORT,FCFS,9,5392,5780,374,388,30.0,5383,
SHORT,FCFS,9,5781,5960,165,179,29.0,5772,
SHORT,FCFS,10,5961,6411,429,450,28.0,5951,
SHORT,FCFS,10,6412,6605,176,193,27.0,6402,
SHORT,FCFS,11,6606,6917,297,311,26.0,6595,
SHORT,FCFS,11,6918,7121,187,203,25.0,6907,
SHORT,FCFS,12,7122,7585,451,463,24.0,7110,
SHORT,FCFS,12,7586,8061,462,475,23.0,7574,
SHORT,FCFS,13,8062,8408,330,346,22.0,8049,
SHORT,FCFS,13,8409,8538,110,129,21.0,8396,
SHORT,FCFS,13,8539,8928,374,389,20.0,8526,
SHORT,FCFS,14,8929,9273,330,344,19.0,8915,
SHORT,FCFS,15,9274,9656,363,382,18.0,9259,
SHORT,FCFS,15,9657,10098,429,441,17.0,9642,
SHORT,FCFS,16,10099,10351,231,252,16.0,10083,
SHORT,FCFS,16,10352,10893,528,541,15.0,10336,
SHORT,FCFS,16,10894,10919,11,25,14.0,10878,
SHORT,FCFS,17,10920,10932,0,12,13.0,10903,
SHORT,FCFS,17,10933,10984,33,51,12.0,10916,
SHORT,FCFS,17,10985,11160,154,175,11.0,10968,
SHORT,FCFS,17,11161,11196,22,35,10.0,11144,
SHORT,FCFS,17,11197,11456,242,259,9.0,11180,
SHORT,FCFS,18,11457,11566,88,109,8.0,11439,
SHORT,FCFS,18,11567,11852,264,285,7.0,11549,
SHORT,FCFS,18,11853,11976,110,123,6.0,11835,
SHORT,FCFS,19,11977,12457,462,480,5.0,11958,
SHORT,FCFS,19,12458,12869,396,411,4.0,12439,
SHORT,FCFS,19,12870,13004,121,134,3.0,12851,
SHORT,FCFS,20,13005,13050,33,45,2.0,12985,
SHORT,FCFS,20,13051,13378,308,327,1.0,13031,
SHORT,CFS,1,1,14800,14787,14799,37.1,0,
SHORT,CFS,1,12,1454,1435,1442,43.0,11,
SHORT,CFS,2,18,22788,22764,22770,30.0,16,
SHORT,CFS,2,23,23276,23248,23253,29.1,21,
SHORT,CFS,2,27,4146,4115,4119,45.2,25,
SHORT,CFS,2,30,9136,9102,9106,42.7,28,
SHORT,CFS,3,33,1180,1143,1147,45.9,30,
SHORT,CFS,3,36,23809,23769,23773,27.9,33,
SHORT,CFS,3,39,8826,8783,8787,42.8,36,
SHORT,CFS,3,42,23930,23883,23888,27.5,39,
SHORT,CFS,3,44,22796,22749,22752,30.4,41,
SHORT,CFS,4,46,15596,15547,15550,37.5,42,
SHORT,CFS,4,48,1936,1885,1888,47.0,44,
SHORT,CFS,4,50,20630,20577,20580,33.3,46,
SHORT,CFS,4,52,21536,21481,21484,32.2,48,
SHORT,CFS,5,54,20996,20939,20942,32.9,49,
SHORT,CFS,6,56,10036,9977,9980,42.2,50,
SHORT,CFS,6,58,9382,9321,9324,42.7,52,
SHORT,CFS,7,60,23987,23921,23927,27.2,53,
SHORT,CFS,7,62,23722,23656,23660,28.3,55,
SHORT,CFS,9,64,22180,22113,22116,31.4,55,
SHORT,CFS,9,66,12952,12883,12886,39.8,57,
SHORT,CFS,10,68,23492,23420,23424,28.8,58,
SHORT,CFS,10,70,13762,13689,13692,39.1,60,
SHORT,CFS,11,72,19422,19347,19350,34.3,61,
SHORT,CFS,11,74,14306,14229,14232,38.7,63,
SHORT,CFS,12,76,23638,23559,23562,28.5,64,
SHORT,CFS,12,78,23743,23661,23665,28.3,66,
SHORT,CFS,13,80,20856,20773,20776,33.1,67,
SHORT,CFS,13,82,9988,9903,9906,42.4,69,
SHORT,CFS,13,84,22218,22131,22134,31.3,71,
SHORT,CFS,14,86,20778,20689,20692,33.2,72,
SHORT,CFS,15,88,22028,21937,21940,31.6,73,
SHORT,CFS,15,90,23372,23279,23282,29.1,75,
SHORT,CFS,16,92,16816,16721,16724,36.6,76,
SHORT,CFS,16,94,23976,23875,23882,27.3,78,
SHORT,CFS,16,96,2168,2069,2072,48.0,80,
SHORT,CFS,17,98,1048,947,950,48.9,81,
SHORT,CFS,17,100,4290,4187,4190,46.0,83,
SHORT,CFS,17,102,12786,12681,12684,40.0,85,
SHORT,CFS,17,104,2984,2877,2880,47.2,87,
SHORT,CFS,17,106,17132,17023,17026,36.3,89,
SHORT,CFS,18,108,8642,8531,8534,43.4,90,
SHORT,CFS,18,110,18334,18221,18224,35.2,92,
SHORT,CFS,18,112,9574,9459,9462,42.8,94,
SHORT,CFS,19,114,23779,23661,23665,28.2,95,
SHORT,CFS,19,116,22786,22667,22670,30.4,97,
SHORT,CFS,19,118,10286,10165,10168,42.2,99,
SHORT,CFS,20,120,3792,3669,3672,46.7,100,
SHORT,CFS,20,122,20134,20009,20012,33.8,102,
SHORT,MLFQ,1,1,6417,6401,6416,5.0,0,
SHORT,MLFQ,1,23,62,22,39,5.0,22,
SHORT,MLFQ,2,45,12126,12065,12081,5.0,43,
SHORT,MLFQ,2,63,12510,12429,12447,5.0,61,
SHORT,MLFQ,2,85,1208,1106,1123,5.0,83,
SHORT,MLFQ,2,107,4161,4036,4054,5.0,105,
SHORT,MLFQ,3,118,242,110,124,5.0,115,
SHORT,MLFQ,3,140,13149,12996,13009,5.0,137,
SHORT,MLFQ,3,162,4440,4264,4278,5.0,159,
SHORT,MLFQ,3,184,13287,13087,13103,5.0,181,
SHORT,MLFQ,3,206,12469,12247,12263,5.0,203,
SHORT,MLFQ,4,228,8269,8022,8041,5.0,224,
SHORT,MLFQ,4,243,970,715,727,5.0,239,
SHORT,MLFQ,4,265,11151,10865,10886,5.0,261,
SHORT,MLFQ,4,287,11867,11565,11580,5.0,283,
SHORT,MLFQ,5,309,11456,11127,11147,5.0,304,
SHORT,MLFQ,6,331,5319,4968,4988,5.0,325,
SHORT,MLFQ,6,353,4924,4550,4571,5.0,347,
SHORT,MLFQ,7,375,13375,12979,13000,5.0,368,
SHORT,MLFQ,7,397,13133,12715,12736,5.0,390,
SHORT,MLFQ,9,419,12326,11893,11907,5.0,410,
SHORT,MLFQ,9,441,7290,6835,6849,5.0,432,
SHORT,MLFQ,10,463,12955,12471,12492,5.0,453,
SHORT,MLFQ,10,474,7660,7169,7186,5.0,464,
SHORT,MLFQ,11,496,10865,10355,10369,5.0,485,
SHORT,MLFQ,11,518,8029,7495,7511,5.0,507,
SHORT,MLFQ,12,540,13146,12594,12606,5.0,528,
SHORT,MLFQ,12,562,13207,12632,12645,5.0,550,
SHORT,MLFQ,13,584,11671,11071,11087,5.0,571,
SHORT,MLFQ,13,606,5680,5055,5074,5.0,593,
SHORT,MLFQ,13,628,12408,11765,11780,5.0,615,
SHORT,MLFQ,14,650,11686,11022,11036,5.0,636,
SHORT,MLFQ,15,672,12256,11565,11584,5.0,657,
SHORT,MLFQ,15,694,13001,12295,12307,5.0,679,
SHORT,MLFQ,16,716,9369,8632,8653,5.0,700,
SHORT,MLFQ,16,738,13378,12627,12640,5.0,722,
SHORT,MLFQ,16,760,1775,1001,1015,5.0,744,
SHORT,MLFQ,17,782,1298,504,516,5.0,765,
SHORT,MLFQ,17,804,2765,1943,1961,5.0,787,
SHORT,MLFQ,17,826,7264,6417,6438,5.0,809,
SHORT,MLFQ,17,848,2328,1467,1480,5.0,831,
SHORT,MLFQ,17,870,9739,8852,8869,5.0,853,
SHORT,MLFQ,18,892,5056,4143,4164,5.0,874,
SHORT,MLFQ,18,914,10300,9365,9386,5.0,896,
SHORT,MLFQ,18,936,5892,4943,4956,5.0,918,
SHORT,MLFQ,19,958,13248,12272,12290,5.0,939,
SHORT,MLFQ,19,971,12746,11760,11775,5.0,952,
SHORT,MLFQ,19,993,6313,5307,5320,5.0,974,
SHORT,MLFQ,20,1015,2954,1927,1939,5.0,995,
SHORT,MLFQ,20,1037,11391,10335,10354,5.0,1017,
LONG,FCFS,0,0,306,286,306,14.5,0,
LONG,FCFS,0,307,807,484,500,44.0,307,
LONG,FCFS,0,808,1236,407,428,48.0,808,
LONG,FCFS,0,1237,1466,209,229,47.0,1237,
LONG,FCFS,1,1467,1969,484,502,46.0,1466,
LONG,FCFS,2,1970,2272,286,302,45.0,1968,
LONG,FCFS,3,2273,2549,264,276,44.0,2270,
LONG,FCFS,4,2550,2758,187,208,43.0,2546,
LONG,FCFS,4,2759,3116,341,357,42.0,2755,
LONG,FCFS,5,3117,3620,484,503,41.0,3112,
LONG,FCFS,5,3621,3701,66,80,40.0,3616,
LONG,FCFS,5,3702,3826,110,124,39.0,3697,
LONG,FCFS,6,3827,4343,495,516,38.0,3821,
LONG,FCFS,6,4344,4629,264,285,37.0,4338,
LONG,FCFS,7,4630,4667,22,37,36.0,4623,
LONG,FCFS,8,4668,4688,0,20,35.0,4660,
LONG,FCFS,8,4689,4951,242,262,34.0,4681,
LONG,FCFS,8,4952,5399,429,447,33.0,4944,
LONG,FCFS,9,5400,5415,0,15,32.0,5391,
LONG,FCFS,9,5416,5544,110,128,31.0,5407,
LONG,FCFS,9,5545,5603,44,58,30.0,5536,
LONG,FCFS,10,5604,5958,341,354,29.0,5594,
LONG,FCFS,10,5959,6440,462,481,28.0,5949,
LONG,FCFS,10,6441,6757,297,316,27.0,6431,
LONG,FCFS,11,6758,7247,473,489,26.0,6747,
LONG,FCFS,11,7248,7307,44,59,25.0,7237,
LONG,FCFS,12,7308,7765,440,457,24.0,7296,
LONG,FCFS,12,7766,8274,495,508,23.0,7754,
LONG,FCFS,13,8275,8359,66,84,22.0,8262,
LONG,FCFS,14,8360,8842,462,482,21.0,8346,
LONG,FCFS,14,8843,8916,55,73,20.0,8829,
LONG,FCFS,15,8917,8956,22,39,19.0,8902,
LONG,FCFS,15,8957,9142,165,185,18.0,8942,
LONG,FCFS,16,9143,9260,99,117,17.0,9127,
LONG,FCFS,16,9261,9468,187,207,16.0,9245,
LONG,FCFS,17,9469,9479,0,10,15.0,9452,
LONG,FCFS,17,9480,9768,275,288,14.0,9463,
LONG,FCFS,17,9769,10221,440,452,13.0,9752,
LONG,FCFS,17,10222,10307,66,85,12.0,10205,
LONG,FCFS,17,10308,10592,264,284,11.0,10291,
LONG,FCFS,18,10593,10666,55,73,10.0,10575,
LONG,FCFS,18,10667,11058,374,391,9.0,10649,
LONG,FCFS,19,11059,11319,242,260,8.0,11040,
LONG,FCFS,19,11320,11620,286,300,7.0,11301,
LONG,FCFS,19,11621,12165,528,544,6.0,11602,
LONG,FCFS,19,12166,12668,484,502,5.0,12147,
LONG,FCFS,20,12669,12695,11,26,4.0,12649,
LONG,FCFS,20,12696,13120,407,424,3.0,12676,
LONG,FCFS,20,13121,13171,33,50,2.0,13101,
LONG,FCFS,20,13172,13639,451,467,1.0,13152,
LONG,CFS,0,0,19235,19223,19235,33.4,0,
LONG,CFS,0,11,24507,24488,24496,26.9,11,
LONG,CFS,0,17,23143,23120,23126,29.3,17,
LONG,CFS,0,22,15515,15488,15493,36.9,22,
LONG,CFS,1,26,24528,24497,24502,27.2,25,
LONG,CFS,2,29,19073,19040,19044,34.5,27,
LONG,CFS,3,32,17909,17873,17877,35.6,29,
LONG,CFS,4,35,14381,14342,14346,37.7,31,
LONG,CFS,4,38,21007,20965,20969,32.2,34,
LONG,CFS,5,41,24544,24500,24503,27.2,36,
LONG,CFS,5,43,6439,6393,6396,44.3,38,
LONG,CFS,5,45,9333,9285,9288,41.4,40,
LONG,CFS,6,47,24581,24529,24534,27.0,41,
LONG,CFS,6,49,18385,18333,18336,35.4,43,
LONG,CFS,7,51,3153,3099,3102,46.9,44,
LONG,CFS,8,53,1763,1707,1710,47.5,45,
LONG,CFS,8,55,17269,17211,17214,36.1,47,
LONG,CFS,8,57,23627,23567,23570,29.0,49,
LONG,CFS,9,59,1297,1235,1238,47.5,50,
LONG,CFS,9,61,9615,9551,9554,41.2,52,
LONG,CFS,9,63,4827,4761,4764,45.8,54,
LONG,CFS,10,65,20905,20837,20840,32.4,55,
LONG,CFS,10,67,24317,24247,24250,27.7,57,
LONG,CFS,10,69,19615,19543,19546,34.0,59,
LONG,CFS,11,71,24411,24337,24340,27.5,60,
LONG,CFS,11,73,4921,4845,4848,45.9,62,
LONG,CFS,12,75,23859,23781,23784,28.6,63,
LONG,CFS,12,77,24561,24480,24484,27.2,65,
LONG,CFS,13,79,6769,6687,6690,44.1,66,
LONG,CFS,14,81,24343,24259,24262,27.7,67,
LONG,CFS,14,83,5997,5911,5914,45.0,69,
LONG,CFS,15,85,3363,3275,3278,47.2,70,
LONG,CFS,15,87,13063,12973,12976,38.7,72,
LONG,CFS,16,89,8939,8847,8850,41.9,73,
LONG,CFS,16,91,14345,14251,14254,38.0,75,
LONG,CFS,17,93,934,838,841,48.6,76,
LONG,CFS,17,95,18499,18401,18404,35.3,78,
LONG,CFS,17,97,23743,23643,23646,28.9,80,
LONG,CFS,17,99,6857,6755,6758,44.1,82,
LONG,CFS,17,101,18355,18251,18254,35.4,84,
LONG,CFS,18,103,6013,5907,5910,45.1,85,
LONG,CFS,18,105,22081,21973,21976,31.0,87,
LONG,CFS,19,107,17181,17071,17074,36.3,88,
LONG,CFS,19,109,19011,18899,18902,34.8,90,
LONG,CFS,19,111,24611,24497,24500,26.9,92,
LONG,CFS,19,113,24542,24426,24429,27.3,94,
LONG,CFS,20,115,2289,2171,2174,48.5,95,
LONG,CFS,20,117,23047,22927,22930,29.8,97,
LONG,CFS,20,119,4273,4151,4154,46.8,99,
LONG,CFS,20,121,24067,23943,23946,28.3,101,
LONG,MLFQ,0,0,9087,9067,9087,5.0,0,
LONG,MLFQ,0,22,13202,13164,13180,5.0,22,
LONG,MLFQ,0,44,12184,12119,12140,5.0,44,
LONG,MLFQ,0,66,7769,7683,7703,5.0,66,
LONG,MLFQ,1,88,13384,13278,13296,5.0,87,
LONG,MLFQ,2,110,10103,9977,9993,5.0,108,
LONG,MLFQ,3,132,9649,9505,9517,5.0,129,
LONG,MLFQ,4,154,7430,7255,7276,5.0,150,
LONG,MLFQ,4,176,11367,11175,11191,5.0,172,
LONG,MLFQ,5,198,13484,13267,13286,5.0,193,
LONG,MLFQ,5,220,3373,3139,3153,5.0,215,
LONG,MLFQ,5,242,5093,4837,4851,5.0,237,
LONG,MLFQ,6,264,13567,13282,13303,5.0,258,
LONG,MLFQ,6,286,9954,9647,9668,5.0,280,
LONG,MLFQ,7,308,1691,1368,1383,5.0,301,
LONG,MLFQ,8,330,680,330,350,5.0,322,
LONG,MLFQ,8,352,9405,9033,9053,5.0,344,
LONG,MLFQ,8,374,12987,12595,12613,5.0,366,
LONG,MLFQ,9,396,806,395,410,5.0,387,
LONG,MLFQ,9,418,5362,4926,4944,5.0,409,
LONG,MLFQ,9,440,2895,2441,2455,5.0,431,
LONG,MLFQ,10,462,11634,11159,11172,5.0,452,
LONG,MLFQ,10,484,13415,12912,12931,5.0,474,
LONG,MLFQ,10,506,10855,10330,10349,5.0,496,
LONG,MLFQ,11,528,13512,12968,12984,5.0,517,
LONG,MLFQ,11,550,3083,2518,2533,5.0,539,
LONG,MLFQ,12,572,13242,12653,12670,5.0,560,
LONG,MLFQ,12,594,13600,12993,13006,5.0,582,
LONG,MLFQ,13,616,4024,3390,3408,5.0,603,
LONG,MLFQ,14,638,13475,12817,12837,5.0,624,
LONG,MLFQ,14,660,3623,2945,2963,5.0,646,
LONG,MLFQ,15,681,2231,1533,1550,5.0,666,
LONG,MLFQ,15,703,7451,6728,6748,5.0,688,
LONG,MLFQ,16,725,5277,4534,4552,5.0,709,
LONG,MLFQ,16,747,8153,7386,7406,5.0,731,
LONG,MLFQ,17,769,779,0,10,5.0,752,
LONG,MLFQ,17,791,10523,9719,9732,5.0,774,
LONG,MLFQ,17,807,13277,12458,12470,5.0,790,
LONG,MLFQ,17,829,4176,3328,3347,5.0,812,
LONG,MLFQ,17,851,10311,9440,9460,5.0,834,
LONG,MLFQ,18,873,3796,2905,2923,5.0,855,
LONG,MLFQ,18,895,12367,11455,11472,5.0,877,
LONG,MLFQ,19,917,9800,8865,8883,5.0,898,
LONG,MLFQ,19,939,10813,9860,9874,5.0,920,
LONG,MLFQ,19,961,13639,12662,12678,5.0,942,
LONG,MLFQ,19,983,13597,12596,12614,5.0,964,
LONG,MLFQ,20,1005,2037,1017,1032,5.0,985,
LONG,MLFQ,20,1027,12902,11858,11875,5.0,1007,
LONG,MLFQ,20,1049,3045,1979,1996,5.0,1029,
LONG,MLFQ,20,1071,13443,12356,12372,5.0,1051,
STOL,FCFS,0,0,182,165,182,9.0,0,
STOL,FCFS,0,183,644,440,461,36.4,183,
STOL,FCFS,0,645,1186,528,541,48.0,645,
STOL,FCFS,1,1187,1289,88,102,47.0,1186,
STOL,FCFS,1,1290,1329,22,39,46.0,1289,
STOL,FCFS,1,1330,1850,506,520,45.0,1329,
STOL,FCFS,1,1851,2010,143,159,44.0,1850,
STOL,FCFS,4,2011,2333,308,322,43.0,2007,
STOL,FCFS,4,2334,2722,374,388,42.0,2330,
STOL,FCFS,4,2723,2851,110,128,41.0,2719,
STOL,FCFS,5,2852,3268,396,416,40.0,2847,
STOL,FCFS,6,3269,3634,352,365,39.0,3263,
STOL,FCFS,6,3635,3829,176,194,38.0,3629,
STOL,FCFS,6,3830,3882,33,52,37.0,3824,
STOL,FCFS,6,3883,3962,66,79,36.0,3877,
STOL,FCFS,7,3963,4244,264,281,35.0,3956,
STOL,FCFS,8,4245,4393,132,148,34.0,4237,
STOL,FCFS,8,4394,4797,385,403,33.0,4386,
STOL,FCFS,9,4798,4921,110,123,32.0,4789,
STOL,FCFS,9,4922,4974,33,52,31.0,4913,
STOL,FCFS,10,4975,5513,517,538,30.0,4965,
STOL,FCFS,10,5514,5738,209,224,29.0,5504,
STOL,FCFS,10,5739,5858,99,119,28.0,5729,
STOL,FCFS,11,5859,5963,88,104,27.0,5848,
STOL,FCFS,12,5964,6084,99,120,26.0,5952,
STOL,FCFS,12,6085,6593,495,508,25.0,6073,
STOL,FCFS,12,6594,6713,99,119,24.0,6582,
STOL,FCFS,13,6714,6790,55,76,23.0,6701,
STOL,FCFS,13,6791,6896,88,105,22.0,6778,
STOL,FCFS,13,6897,7221,308,324,21.0,6884,
STOL,FCFS,14,7222,7542,308,320,20.0,7208,
STOL,FCFS,14,7543,8008,451,465,19.0,7529,
STOL,FCFS,15,8009,8337,308,328,18.0,7994,
STOL,FCFS,16,8338,8508,154,170,17.0,8322,
STOL,FCFS,16,8509,8981,451,472,16.0,8493,
STOL,FCFS,17,8982,9003,0,21,15.0,8965,
STOL,FCFS,17,9004,9100,77,96,14.0,8987,
STOL,FCFS,17,9101,9637,517,536,13.0,9084,
STOL,FCFS,17,9638,9835,176,197,12.0,9621,
STOL,FCFS,18,9836,9876,22,40,11.0,9818,
STOL,FCFS,18,9877,10289,396,412,10.0,9859,
STOL,FCFS,18,10290,10699,396,409,9.0,10272,
STOL,FCFS,18,10700,10911,198,211,8.0,10682,
STOL,FCFS,18,10912,11311,385,399,7.0,10894,
STOL,FCFS,18,11312,11744,418,432,6.0,11294,
STOL,FCFS,19,11745,12245,484,500,5.0,11726,
STOL,FCFS,19,12246,12514,253,268,4.0,12227,
STOL,FCFS,19,12515,12816,286,301,3.0,12496,
STOL,FCFS,19,12817,13253,418,436,2.0,12798,
STOL,FCFS,20,13254,13435,165,181,1.0,13234,
STOL,CFS,0,0,13575,13563,13575,39.8,0,
STOL,CFS,0,11,23514,23495,23503,28.2,11,
STOL,CFS,0,17,24049,24023,24032,26.7,17,
STOL,CFS,1,22,8527,8500,8505,45.8,21,
STOL,CFS,1,26,3433,3403,3407,48.2,25,
STOL,CFS,1,29,23979,23944,23950,27.2,28,
STOL,CFS,1,32,12257,12221,12225,42.2,31,
STOL,CFS,4,35,19913,19874,19878,33.9,31,
STOL,CFS,4,38,22055,22013,22017,31.1,34,
STOL,CFS,4,41,10375,10331,10334,44.4,37,
STOL,CFS,5,43,22819,22773,22776,30.1,38,
STOL,CFS,6,45,21343,21295,21298,32.1,39,
STOL,CFS,6,47,14229,14179,14182,40.2,41,
STOL,CFS,6,49,4583,4531,4534,48.2,43,
STOL,CFS,6,51,6745,6691,6694,47.1,45,
STOL,CFS,7,53,18255,18199,18202,35.6,46,
STOL,CFS,8,55,11609,11551,11554,43.1,47,
STOL,CFS,8,57,22501,22441,22444,30.6,49,
STOL,CFS,9,59,10037,9975,9978,44.9,50,
STOL,CFS,9,61,4595,4531,4534,48.3,52,
STOL,CFS,10,63,24051,23985,23988,27.0,53,
STOL,CFS,10,65,15681,15613,15616,38.4,55,
STOL,CFS,10,67,9819,9749,9752,45.2,57,
STOL,CFS,11,69,8723,8651,8654,46.1,58,
STOL,CFS,12,71,9897,9823,9826,45.1,59,
STOL,CFS,12,73,23923,23846,23850,27.5,61,
STOL,CFS,12,75,9825,9747,9750,45.2,63,
STOL,CFS,13,77,6591,6511,6514,47.3,64,
STOL,CFS,13,79,8811,8729,8732,46.0,66,
STOL,CFS,13,81,20007,19923,19926,33.9,68,
STOL,CFS,14,83,19843,19757,19760,34.1,69,
STOL,CFS,14,85,23576,23488,23491,28.5,71,
STOL,CFS,15,87,20163,20073,20076,33.7,72,
STOL,CFS,16,89,12927,12835,12838,41.7,73,
STOL,CFS,16,91,23642,23547,23551,28.3,75,
STOL,CFS,17,93,1925,1829,1832,49.3,76,
STOL,CFS,17,95,8159,8061,8064,46.5,78,
STOL,CFS,17,97,24044,23943,23947,27.1,80,
STOL,CFS,17,99,14421,14319,14322,40.1,82,
STOL,CFS,18,101,3597,3493,3496,49.2,83,
STOL,CFS,18,103,22733,22627,22630,30.3,85,
STOL,CFS,18,105,22655,22547,22550,30.4,87,
STOL,CFS,18,107,15075,14965,14968,39.3,89,
STOL,CFS,18,109,22395,22283,22286,30.8,91,
STOL,CFS,18,111,23139,23025,23028,29.4,93,
STOL,CFS,19,113,23881,23765,23768,27.7,94,
STOL,CFS,19,115,17707,17589,17592,36.3,96,
STOL,CFS,19,117,19113,18993,18996,34.9,98,
STOL,CFS,19,119,23223,23101,23104,29.2,100,
STOL,CFS,20,121,13573,13449,13452,41.2,101,
STOL,MLFQ,0,0,5596,5579,5596,5.0,0,
STOL,MLFQ,0,22,12615,12572,12593,5.0,22,
STOL,MLFQ,0,44,13362,13305,13318,5.0,44,
STOL,MLFQ,1,66,3721,3641,3655,5.0,65,
STOL,MLFQ,1,88,787,682,699,5.0,87,
STOL,MLFQ,1,110,13326,13202,13216,5.0,109,
STOL,MLFQ,1,132,6265,6117,6133,5.0,131,
STOL,MLFQ,4,154,10715,10547,10561,5.0,150,
STOL,MLFQ,4,176,11977,11787,11801,5.0,172,
STOL,MLFQ,4,198,5272,5056,5074,5.0,194,
STOL,MLFQ,5,220,12413,12173,12193,5.0,215,
STOL,MLFQ,6,242,11742,11487,11500,5.0,236,
STOL,MLFQ,6,264,7616,7334,7352,5.0,258,
STOL,MLFQ,6,286,2204,1899,1918,5.0,280,
STOL,MLFQ,6,308,3735,3414,3427,5.0,302,
STOL,MLFQ,7,330,9969,9622,9639,5.0,323,
STOL,MLFQ,8,352,6337,5969,5985,5.0,344,
STOL,MLFQ,8,374,12348,11956,11974,5.0,366,
STOL,MLFQ,9,396,5665,5256,5269,5.0,387,
STOL,MLFQ,9,418,2444,2007,2026,5.0,409,
STOL,MLFQ,10,440,13426,12965,12986,5.0,430,
STOL,MLFQ,10,462,8719,8242,8257,5.0,452,
STOL,MLFQ,10,484,5403,4899,4919,5.0,474,
STOL,MLFQ,11,506,5004,4482,4498,5.0,495,
STOL,MLFQ,12,528,5480,4931,4952,5.0,516,
STOL,MLFQ,12,550,13382,12819,12832,5.0,538,
STOL,MLFQ,12,572,5534,4942,4962,5.0,560,
STOL,MLFQ,13,594,3717,3102,3123,5.0,581,
STOL,MLFQ,13,616,5110,4477,4494,5.0,603,
STOL,MLFQ,13,638,11177,10523,10539,5.0,625,
STOL,MLFQ,14,660,11179,10507,10519,5.0,646,
STOL,MLFQ,14,682,13146,12450,12464,5.0,668,
STOL,MLFQ,15,704,11200,10476,10496,5.0,689,
STOL,MLFQ,16,726,7366,6624,6640,5.0,710,
STOL,MLFQ,16,748,13157,12388,12409,5.0,732,
STOL,MLFQ,17,770,1326,535,556,5.0,753,
STOL,MLFQ,17,788,4800,3993,4012,5.0,771,
STOL,MLFQ,17,810,13435,12606,12625,5.0,793,
STOL,MLFQ,17,832,8062,7209,7230,5.0,815,
STOL,MLFQ,18,854,2452,1580,1598,5.0,836,
STOL,MLFQ,18,876,12687,11795,11811,5.0,858,
STOL,MLFQ,18,898,12701,11790,11803,5.0,880,
STOL,MLFQ,18,920,8714,7781,7794,5.0,902,
STOL,MLFQ,18,942,12571,11615,11629,5.0,924,
STOL,MLFQ,18,964,12936,11958,11972,5.0,946,
STOL,MLFQ,19,986,13379,12377,12393,5.0,967,
STOL,MLFQ,19,1008,10150,9127,9142,5.0,989,
STOL,MLFQ,19,1030,10907,9862,9877,5.0,1011,
STOL,MLFQ,19,1052,12955,11885,11903,5.0,1033,
STOL,MLFQ,20,1074,7930,6840,6856,5.0,1054,
LTOS,FCFS,0,0,63,44,63,3.5,0,
LTOS,FCFS,0,64,373,297,309,20.0,64,
LTOS,FCFS,0,374,705,319,331,44.6,374,
LTOS,FCFS,2,706,1121,396,415,47.0,704,
LTOS,FCFS,2,1122,1151,11,29,46.0,1120,
LTOS,FCFS,2,1152,1242,77,90,45.0,1150,
LTOS,FCFS,2,1243,1531,275,288,44.0,1241,
LTOS,FCFS,3,1532,1657,110,125,43.0,1529,
LTOS,FCFS,3,1658,1783,110,125,42.0,1655,
LTOS,FCFS,3,1784,2286,484,502,41.0,1781,
LTOS,FCFS,3,2287,2338,33,51,40.0,2284,
LTOS,FCFS,4,2339,2608,253,269,39.0,2335,
LTOS,FCFS,4,2609,3079,451,470,38.0,2605,
LTOS,FCFS,5,3080,3336,242,256,37.0,3075,
LTOS,FCFS,6,3337,3405,55,68,36.0,3331,
LTOS,FCFS,6,3406,3656,231,250,35.0,3400,
LTOS,FCFS,6,3657,3749,77,92,34.0,3651,
LTOS,FCFS,6,3750,4158,396,408,33.0,3744,
LTOS,FCFS,7,4159,4194,22,35,32.0,4152,
LTOS,FCFS,7,4195,4258,44,63,31.0,4188,
LTOS,FCFS,7,4259,4316,44,57,30.0,4252,
LTOS,FCFS,7,4317,4799,462,482,29.0,4310,
LTOS,FCFS,8,4800,4895,77,95,28.0,4792,
LTOS,FCFS,8,4896,4930,22,34,27.0,4888,
LTOS,FCFS,8,4931,4970,22,39,26.0,4923,
LTOS,FCFS,8,4971,5454,462,483,25.0,4963,
LTOS,FCFS,8,5455,5582,110,127,24.0,5447,
LTOS,FCFS,9,5583,5650,55,67,23.0,5574,
LTOS,FCFS,9,5651,5960,297,309,22.0,5642,
LTOS,FCFS,9,5961,6468,495,507,21.0,5952,
LTOS,FCFS,9,6469,6702,220,233,20.0,6460,
LTOS,FCFS,9,6703,7161,440,458,19.0,6694,
LTOS,FCFS,10,7162,7574,396,412,18.0,7152,
LTOS,FCFS,10,7575,7715,121,140,17.0,7565,
LTOS,FCFS,10,7716,8064,330,348,16.0,7706,
LTOS,FCFS,10,8065,8116,33,51,15.0,8055,
LTOS,FCFS,11,8117,8539,407,422,14.0,8106,
LTOS,FCFS,11,8540,8634,77,94,13.0,8529,
LTOS,FCFS,12,8635,8979,330,344,12.0,8623,
LTOS,FCFS,13,8980,9499,506,519,11.0,8967,
LTOS,FCFS,14,9500,9925,407,425,10.0,9486,
LTOS,FCFS,14,9926,9989,44,63,9.0,9912,
LTOS,FCFS,15,9990,10026,22,36,8.0,9975,
LTOS,FCFS,15,10027,10453,407,426,7.0,10012,
LTOS,FCFS,15,10454,10686,220,232,6.0,10439,
LTOS,FCFS,16,10687,10765,66,78,5.0,10671,
LTOS,FCFS,17,10766,10976,198,210,4.0,10749,
LTOS,FCFS,17,10977,11113,121,136,3.0,10960,
LTOS,FCFS,19,11114,11154,22,40,2.0,11095,
LTOS,FCFS,20,11155,11220,44,65,1.0,11135,
LTOS,CFS,0,0,5313,5301,5313,44.3,0,
LTOS,CFS,0,11,16609,16591,16598,28.9,11,
LTOS,CFS,0,17,17253,17230,17236,28.2,17,
LTOS,CFS,2,22,19301,19274,19279,25.2,20,
LTOS,CFS,2,26,2563,2533,2537,48.2,24,
LTOS,CFS,2,29,7009,6976,6980,42.6,27,
LTOS,CFS,2,32,15929,15893,15897,30.2,30,
LTOS,CFS,3,35,8961,8922,8926,39.1,32,
LTOS,CFS,3,38,8963,8921,8925,39.1,35,
LTOS,CFS,3,41,20059,20015,20018,23.7,38,
LTOS,CFS,3,43,4413,4367,4370,47.3,40,
LTOS,CFS,4,45,15285,15237,15240,31.2,41,
LTOS,CFS,4,47,19898,19848,19851,24.2,43,
LTOS,CFS,5,49,14807,14755,14758,31.8,44,
LTOS,CFS,6,51,5643,5589,5592,45.7,45,
LTOS,CFS,6,53,14597,14541,14544,32.0,47,
LTOS,CFS,6,55,7159,7101,7104,42.7,49,
LTOS,CFS,6,57,19141,19081,19084,25.8,51,
LTOS,CFS,7,59,3081,3019,3022,48.8,52,
LTOS,CFS,7,61,5345,5281,5284,46.3,54,
LTOS,CFS,7,63,4853,4787,4790,47.0,56,
LTOS,CFS,7,65,19976,19907,19911,24.0,58,
LTOS,CFS,8,67,7357,7287,7290,42.3,59,
LTOS,CFS,8,69,2993,2921,2924,49.0,61,
LTOS,CFS,8,71,3463,3389,3392,48.6,63,
LTOS,CFS,8,73,19990,19914,19917,23.9,65,
LTOS,CFS,8,75,9093,9015,9018,39.2,67,
LTOS,CFS,9,77,5585,5505,5508,46.0,68,
LTOS,CFS,9,79,16625,16543,16546,29.5,70,
LTOS,CFS,9,81,20063,19977,19982,23.7,72,
LTOS,CFS,9,83,13903,13817,13820,32.8,74,
LTOS,CFS,9,85,19800,19711,19715,24.5,76,
LTOS,CFS,10,87,19247,19157,19160,25.6,77,
LTOS,CFS,10,89,9747,9655,9658,38.1,79,
LTOS,CFS,10,91,17747,17653,17656,28.0,81,
LTOS,CFS,10,93,4457,4361,4364,47.8,83,
LTOS,CFS,11,95,19435,19337,19340,25.3,84,
LTOS,CFS,11,97,7315,7215,7218,42.6,86,
LTOS,CFS,12,99,17637,17535,17538,28.1,87,
LTOS,CFS,13,101,20078,19966,19977,23.6,88,
LTOS,CFS,14,103,19485,19379,19382,25.2,89,
LTOS,CFS,14,105,5381,5273,5276,46.6,91,
LTOS,CFS,15,107,3221,3111,3114,49.4,92,
LTOS,CFS,15,109,19488,19375,19379,25.2,94,
LTOS,CFS,15,111,13873,13759,13762,32.9,96,
LTOS,CFS,16,113,6317,6201,6204,44.6,97,
LTOS,CFS,17,115,12913,12795,12798,33.8,98,
LTOS,CFS,17,117,9555,9435,9438,38.5,100,
LTOS,CFS,19,119,3599,3477,3480,49.1,100,
LTOS,CFS,20,121,5545,5421,5424,46.4,101,
LTOS,MLFQ,0,0,349,330,349,5.0,0,
LTOS,MLFQ,0,22,8559,8525,8537,5.0,22,
LTOS,MLFQ,0,44,9081,9025,9037,5.0,44,
LTOS,MLFQ,2,66,10259,10174,10193,5.0,64,
LTOS,MLFQ,2,88,390,284,302,5.0,86,
LTOS,MLFQ,2,110,3339,3216,3229,5.0,108,
LTOS,MLFQ,2,132,8584,8439,8452,5.0,130,
LTOS,MLFQ,3,154,4589,4420,4435,5.0,151,
LTOS,MLFQ,3,176,4649,4458,4473,5.0,173,
LTOS,MLFQ,3,198,11149,10933,10951,5.0,195,
LTOS,MLFQ,3,220,1941,1703,1721,5.0,217,
LTOS,MLFQ,4,242,8348,8090,8106,5.0,238,
LTOS,MLFQ,4,264,11002,10719,10738,5.0,260,
LTOS,MLFQ,5,286,8177,7877,7891,5.0,281,
LTOS,MLFQ,6,308,3107,2786,2799,5.0,302,
LTOS,MLFQ,6,330,7984,7635,7654,5.0,324,
LTOS,MLFQ,6,350,3951,3586,3601,5.0,344,
LTOS,MLFQ,6,372,10558,10174,10186,5.0,366,
LTOS,MLFQ,7,391,1834,1430,1443,5.0,384,
LTOS,MLFQ,7,413,2848,2416,2435,5.0,406,
LTOS,MLFQ,7,435,2884,2436,2449,5.0,428,
LTOS,MLFQ,7,457,11119,10642,10662,5.0,450,
LTOS,MLFQ,8,479,4113,3616,3634,5.0,471,
LTOS,MLFQ,8,501,2042,1529,1541,5.0,493,
LTOS,MLFQ,8,523,2082,1542,1559,5.0,515,
LTOS,MLFQ,8,545,11130,10564,10585,5.0,537,
LTOS,MLFQ,8,567,5162,4578,4595,5.0,559,
LTOS,MLFQ,9,589,3484,2883,2895,5.0,580,
LTOS,MLFQ,9,611,9325,8702,8714,5.0,602,
LTOS,MLFQ,9,633,11206,10561,10573,5.0,624,
LTOS,MLFQ,9,655,7975,7307,7320,5.0,646,
LTOS,MLFQ,9,677,11032,10337,10355,5.0,668,
LTOS,MLFQ,10,688,10674,9970,9986,5.0,678,
LTOS,MLFQ,10,710,5556,4827,4846,5.0,700,
LTOS,MLFQ,10,732,9861,9111,9129,5.0,722,
LTOS,MLFQ,10,754,2795,2023,2041,5.0,744,
LTOS,MLFQ,11,765,10789,10009,10024,5.0,754,
LTOS,MLFQ,11,787,4364,3560,3577,5.0,776,
LTOS,MLFQ,12,809,9898,9075,9089,5.0,797,
LTOS,MLFQ,13,831,11220,10376,10389,5.0,818,
LTOS,MLFQ,14,853,10819,9948,9966,5.0,839,
LTOS,MLFQ,14,875,3314,2420,2439,5.0,861,
LTOS,MLFQ,15,897,2438,1527,1541,5.0,882,
LTOS,MLFQ,15,919,10839,9901,9920,5.0,904,
LTOS,MLFQ,15,941,8118,7165,7177,5.0,926,
LTOS,MLFQ,16,963,4115,3140,3152,5.0,947,
LTOS,MLFQ,17,985,7620,6623,6635,5.0,968,
LTOS,MLFQ,17,1007,5704,4682,4697,5.0,990,
LTOS,MLFQ,19,1029,2556,1509,1527,5.0,1010,
LTOS,MLFQ,20,1051,3427,2355,2376,5.0,1031,
