plist configuration,scheduler,instantiation times,start_times,finish times,total wait times,turnaround times,average queue lengths,response times
RAND,FCFS,0,0,24,11,24,27.7,0
RAND,FCFS,0,25,361,319,336,49.0,25
RAND,FCFS,1,362,1223,847,861,48.0,361
RAND,FCFS,1,1224,1447,209,223,47.0,1223
RAND,FCFS,2,1448,1589,121,141,46.0,1446
RAND,FCFS,2,1590,2328,726,738,45.0,1588
RAND,FCFS,2,2329,2353,11,24,44.0,2327
RAND,FCFS,2,2354,2654,286,300,43.0,2352
RAND,FCFS,3,2655,3675,1001,1020,42.0,2652
RAND,FCFS,3,3676,4516,825,840,41.0,3673
RAND,FCFS,3,4517,4997,462,480,40.0,4514
RAND,FCFS,4,4998,5606,594,608,39.0,4994
RAND,FCFS,4,5607,5843,220,236,38.0,5603
RAND,FCFS,4,5844,6060,198,216,37.0,5840
RAND,FCFS,5,6061,6090,11,29,36.0,6056
RAND,FCFS,5,6091,6156,44,65,35.0,6086
RAND,FCFS,6,6157,6976,803,819,34.0,6151
RAND,FCFS,6,6977,8046,1056,1069,33.0,6971
RAND,FCFS,6,8047,8160,99,113,32.0,8041
RAND,FCFS,6,8161,8478,297,317,31.0,8155
RAND,FCFS,6,8479,9060,561,581,30.0,8473
RAND,FCFS,6,9061,9972,891,911,29.0,9055
RAND,FCFS,6,9973,10851,858,878,28.0,9967
RAND,FCFS,7,10852,11615,748,763,27.0,10845
RAND,FCFS,7,11616,12455,825,839,26.0,11609
RAND,FCFS,8,12456,12603,132,147,25.0,12448
RAND,FCFS,8,12604,13315,693,711,24.0,12596
RAND,FCFS,9,13316,13649,319,333,23.0,13307
RAND,FCFS,9,13650,14447,781,797,22.0,13641
RAND,FCFS,9,14448,15225,759,777,21.0,14439
RAND,FCFS,10,15226,16220,979,994,20.0,15216
RAND,FCFS,10,16221,17093,858,872,19.0,16211
RAND,FCFS,12,17094,17656,550,562,18.0,17082
RAND,FCFS,12,17657,18565,891,908,17.0,17645
RAND,FCFS,13,18566,18737,154,171,16.0,18553
RAND,FCFS,13,18738,18922,165,184,15.0,18725
RAND,FCFS,13,18923,19896,957,973,14.0,18910
RAND,FCFS,14,19897,20507,594,610,13.0,19883
RAND,FCFS,15,20508,20537,11,29,12.0,20493
RAND,FCFS,15,20538,20704,154,166,11.0,20523
RAND,FCFS,16,20705,20955,231,250,10.0,20689
RAND,FCFS,16,20956,21873,902,917,9.0,20940
RAND,FCFS,17,21874,22610,715,736,8.0,21857
RAND,FCFS,17,22611,23555,924,944,7.0,22594
RAND,FCFS,18,23556,24338,770,782,6.0,23538
RAND,FCFS,19,24339,24948,594,609,5.0,24320
RAND,FCFS,19,24949,25567,605,618,4.0,24930
RAND,FCFS,19,25568,25726,143,158,3.0,25549
RAND,FCFS,20,25727,26018,275,291,2.0,25707
RAND,FCFS,20,26019,27072,1034,1053,1.0,25999
RAND,CFS,0,0,2069,2057,2069,37.8,0
RAND,CFS,0,11,24501,24483,24490,40.0,11
RAND,CFS,1,17,47177,47154,47160,30.1,16
RAND,CFS,1,22,17601,17574,17579,43.5,21
RAND,CFS,2,26,11761,11731,11735,46.0,24
RAND,CFS,2,29,43651,43618,43622,32.5,27
RAND,CFS,2,32,2081,2045,2049,50.0,30
RAND,CFS,2,35,22429,22390,22394,41.2,33
RAND,CFS,3,38,48610,48568,48572,28.2,35
RAND,CFS,3,41,46723,46679,46682,30.6,38
RAND,CFS,3,43,32109,32063,32066,36.8,40
RAND,CFS,4,45,38479,38431,38434,34.8,41
RAND,CFS,4,47,18479,18429,18432,43.2,43
RAND,CFS,4,49,17171,17119,17122,43.8,45
RAND,CFS,5,51,2577,2523,2526,49.6,46
RAND,CFS,5,53,5617,5561,5564,47.6,48
RAND,CFS,6,55,46191,46133,46136,31.0,49
RAND,CFS,6,57,48698,48638,48641,27.9,51
RAND,CFS,6,59,9493,9431,9434,46.5,53
RAND,CFS,6,61,23467,23403,23406,40.7,55
RAND,CFS,6,63,37235,37169,37172,35.2,57
RAND,CFS,6,65,47945,47877,47880,29.3,59
RAND,CFS,6,67,47527,47457,47460,29.7,61
RAND,CFS,7,69,44539,44467,44470,32.1,62
RAND,CFS,7,71,46703,46629,46632,30.6,64
RAND,CFS,8,73,12225,12149,12152,45.9,65
RAND,CFS,8,75,42659,42581,42584,33.0,67
RAND,CFS,9,77,24349,24269,24272,40.2,68
RAND,CFS,9,79,45599,45517,45520,31.5,70
RAND,CFS,9,81,45013,44929,44932,31.8,72
RAND,CFS,10,83,48516,48429,48433,28.4,73
RAND,CFS,10,85,47409,47321,47324,29.9,75
RAND,CFS,12,87,36281,36191,36194,35.5,75
RAND,CFS,12,89,47901,47809,47812,29.4,77
RAND,CFS,13,91,14061,13967,13970,45.2,78
RAND,CFS,13,93,14999,14903,14906,44.8,80
RAND,CFS,13,95,48409,48310,48314,28.6,82
RAND,CFS,14,97,38607,38507,38510,34.8,83
RAND,CFS,15,99,2625,2523,2526,49.5,84
RAND,CFS,15,101,13667,13563,13566,45.4,86
RAND,CFS,16,103,19427,19321,19324,42.6,87
RAND,CFS,16,105,47995,47887,47890,29.3,89
RAND,CFS,17,107,43641,43531,43534,32.6,90
RAND,CFS,17,109,48214,48101,48105,28.9,92
RAND,CFS,18,111,45163,45049,45052,31.7,93
RAND,CFS,19,113,38567,38451,38454,34.8,94
RAND,CFS,19,115,38939,38821,38824,34.6,96
RAND,CFS,19,117,13107,12987,12990,45.6,98
RAND,CFS,20,119,21957,21835,21838,41.4,99
RAND,CFS,20,121,48679,48552,48558,28.0,101
RAND,MLFQ,0,0,1102,1089,1102,26.7,0
RAND,MLFQ,0,22,13339,13300,13317,39.6,22
RAND,MLFQ,1,33,25960,25913,25927,29.5,32
RAND,MLFQ,1,44,9340,9282,9296,43.0,43
RAND,MLFQ,2,55,6096,6021,6041,45.5,53
RAND,MLFQ,2,66,23841,23763,23775,31.8,64
RAND,MLFQ,2,77,1215,1125,1138,48.7,75
RAND,MLFQ,2,88,11996,11894,11908,40.5,86
RAND,MLFQ,3,99,26972,26854,26873,25.8,96
RAND,MLFQ,3,110,25732,25607,25622,29.8,107
RAND,MLFQ,3,121,17278,17139,17157,36.0,118
RAND,MLFQ,4,132,20946,20800,20814,34.0,128
RAND,MLFQ,4,143,9816,9657,9673,42.4,139
RAND,MLFQ,4,154,9425,9253,9271,43.0,150
RAND,MLFQ,5,165,1377,1194,1212,48.3,160
RAND,MLFQ,5,176,2419,2222,2243,46.7,171
RAND,MLFQ,6,187,25441,25238,25254,30.1,181
RAND,MLFQ,6,198,27072,26861,26874,24.3,192
RAND,MLFQ,6,209,5437,5214,5228,45.3,203
RAND,MLFQ,6,220,12848,12608,12628,39.7,214
RAND,MLFQ,6,231,20425,20174,20194,34.2,225
RAND,MLFQ,6,242,26446,26184,26204,28.1,236
RAND,MLFQ,6,253,26047,25774,25794,28.8,247
RAND,MLFQ,7,264,24418,24139,24154,31.0,257
RAND,MLFQ,7,275,25802,25513,25527,29.5,268
RAND,MLFQ,8,286,6750,6449,6464,44.6,278
RAND,MLFQ,8,297,23564,23249,23267,31.9,289
RAND,MLFQ,9,308,13651,13329,13343,38.9,299
RAND,MLFQ,9,319,25215,24880,24896,30.3,310
RAND,MLFQ,9,330,24866,24518,24536,30.7,321
RAND,MLFQ,10,341,26941,26585,26600,25.8,331
RAND,MLFQ,10,352,26084,25718,25732,28.6,342
RAND,MLFQ,12,363,20041,19666,19678,34.3,351
RAND,MLFQ,12,374,26475,26084,26101,27.8,362
RAND,MLFQ,13,385,7659,7257,7274,44.1,372
RAND,MLFQ,13,396,8544,8129,8148,43.6,383
RAND,MLFQ,13,407,26870,26447,26463,26.2,394
RAND,MLFQ,14,418,21392,20958,20974,33.5,404
RAND,MLFQ,15,429,1891,1444,1462,48.0,414
RAND,MLFQ,15,440,7738,7286,7298,43.8,425
RAND,MLFQ,16,451,10991,10521,10540,41.2,435
RAND,MLFQ,16,462,26513,26036,26051,27.4,446
RAND,MLFQ,17,473,24105,23611,23632,31.3,456
RAND,MLFQ,17,484,26666,26162,26182,26.8,467
RAND,MLFQ,18,495,25011,24504,24516,30.3,477
RAND,MLFQ,19,506,21441,20920,20935,33.4,487
RAND,MLFQ,19,517,21862,21332,21345,33.1,498
RAND,MLFQ,19,528,7897,7354,7369,43.9,509
RAND,MLFQ,20,539,12321,11766,11782,39.7,519
RAND,MLFQ,20,550,27058,26489,26508,24.2,530
RAND,RR,0,0,365,352,365,27.7,0
RAND,RR,0,22,13339,13300,13317,40.3,22
RAND,RR,1,33,25960,25913,25927,30.2,32
RAND,RR,1,44,9645,9587,9601,43.6,43
RAND,RR,2,55,6140,6065,6085,46.1,53
RAND,RR,2,66,24050,23972,23984,32.5,64
RAND,RR,2,77,1160,1070,1083,49.3,75
RAND,RR,2,88,12321,12219,12233,41.1,86
RAND,RR,3,99,26972,26854,26873,26.5,96
RAND,RR,3,110,25710,25585,25600,30.6,107
RAND,RR,3,121,17542,17403,17421,36.8,118
RAND,RR,4,132,21177,21031,21045,34.8,128
RAND,RR,4,143,10113,9954,9970,43.1,139
RAND,RR,4,154,9322,9150,9168,43.8,150
RAND,RR,5,165,1245,1062,1080,49.0,160
RAND,RR,5,176,2782,2585,2606,47.3,171
RAND,RR,6,187,25408,25205,25221,31.0,181
RAND,RR,6,198,27072,26861,26874,25.2,192
RAND,RR,6,209,5283,5060,5074,46.2,203
RAND,RR,6,220,12749,12509,12529,40.6,214
RAND,RR,6,231,20348,20097,20117,35.2,225
RAND,RR,6,242,26424,26162,26182,29.0,236
RAND,RR,6,253,26124,25851,25871,29.8,247
RAND,RR,7,264,24539,24260,24275,32.0,257
RAND,RR,7,275,25747,25458,25472,30.5,268
RAND,RR,8,286,6794,6493,6508,45.5,278
RAND,RR,8,297,23454,23139,23157,32.9,289
RAND,RR,9,308,13497,13175,13189,39.9,299
RAND,RR,9,319,25127,24792,24808,31.3,310
RAND,RR,9,330,24767,24419,24437,31.7,321
RAND,RR,10,341,26919,26563,26578,26.8,331
RAND,RR,10,352,26139,25773,25787,29.6,342
RAND,RR,12,366,20151,19773,19785,35.3,354
RAND,RR,12,377,26442,26048,26065,28.9,365
RAND,RR,13,388,7807,7402,7419,44.9,375
RAND,RR,13,399,8247,7829,7848,44.5,386
RAND,RR,13,410,26837,26411,26427,27.3,397
RAND,RR,14,421,21326,20889,20905,34.6,407
RAND,RR,15,432,1506,1056,1074,48.3,417
RAND,RR,15,443,7842,7387,7399,44.8,428
RAND,RR,16,454,10705,10232,10251,42.3,438
RAND,RR,16,465,26535,26055,26070,28.5,449
RAND,RR,17,476,24004,23507,23528,32.4,459
RAND,RR,17,487,26677,26170,26190,28.0,470
RAND,RR,18,498,25022,24512,24524,31.4,480
RAND,RR,19,509,21375,20851,20866,34.5,490
RAND,RR,19,520,21631,21098,21111,34.3,501
RAND,RR,19,531,7481,6935,6950,45.1,512
RAND,RR,20,542,12273,11715,11731,41.0,522
RAND,RR,20,553,27058,26486,26505,25.3,533
RAND,SJF,0,0,35,22,35,27.7,0
RAND,SJF,0,3250,3575,308,325,30.0,3250
RAND,SJF,1,15276,16126,836,850,12.0,15275
RAND,SJF,1,1370,1582,198,212,37.0,1369
RAND,SJF,2,257,387,110,130,44.0,255
RAND,SJF,2,9001,9728,715,727,20.0,8999
RAND,SJF,2,22,49,14,27,49.3,20
RAND,SJF,2,2330,2619,275,289,33.0,2328
RAND,SJF,3,23444,24453,990,1009,3.0,23441
RAND,SJF,3,14446,15275,814,829,13.0,14443
RAND,SJF,3,3576,4045,451,469,29.0,3573
RAND,SJF,4,5169,5766,583,597,26.0,5165
RAND,SJF,4,1583,1808,209,225,36.0,1579
RAND,SJF,4,1164,1369,187,205,38.0,1160
RAND,SJF,5,50,79,11,29,48.0,45
RAND,SJF,5,99,153,33,54,46.0,94
RAND,SJF,6,12808,13616,792,808,15.0,12802
RAND,SJF,6,25497,26555,1045,1058,1.0,25491
RAND,SJF,6,154,256,88,102,45.0,148
RAND,SJF,6,2620,2926,286,306,32.0,2614
RAND,SJF,6,4598,5168,550,570,27.0,4592
RAND,SJF,6,18755,19655,880,900,8.0,18749
RAND,SJF,6,16989,17856,847,867,10.0,16983
RAND,SJF,7,9729,10481,737,752,19.0,9722
RAND,SJF,7,13617,14445,814,828,14.0,13610
RAND,SJF,8,388,524,121,136,43.0,380
RAND,SJF,8,7574,8274,682,700,22.0,7566
RAND,SJF,9,2927,3249,308,322,31.0,2918
RAND,SJF,9,12021,12807,770,786,16.0,12012
RAND,SJF,9,10482,11248,748,766,18.0,10473
RAND,SJF,10,22460,23443,968,983,4.0,22450
RAND,SJF,10,16127,16988,847,861,11.0,16117
RAND,SJF,12,4046,4597,539,551,28.0,4034
RAND,SJF,12,17857,18754,880,897,9.0,17845
RAND,SJF,13,829,989,143,160,40.0,816
RAND,SJF,13,990,1163,154,173,39.0,977
RAND,SJF,13,21497,22459,946,962,5.0,21484
RAND,SJF,14,6366,6965,583,599,24.0,6352
RAND,SJF,15,61,98,19,37,47.3,46
RAND,SJF,15,673,828,143,155,41.0,658
RAND,SJF,16,1809,2048,220,239,35.0,1793
RAND,SJF,16,19656,20562,891,906,7.0,19640
RAND,SJF,17,8275,9000,704,725,21.0,8258
RAND,SJF,17,20563,21496,913,933,6.0,20546
RAND,SJF,18,11249,12020,759,771,17.0,11231
RAND,SJF,19,5767,6365,583,598,25.0,5748
RAND,SJF,19,6966,7573,594,607,23.0,6947
RAND,SJF,19,525,672,132,147,42.0,506
RAND,SJF,20,2049,2329,264,280,34.0,2029
RAND,SJF,20,24454,25496,1023,1042,2.0,24434
SHORT,FCFS,0,0,24,11,24,27.7,0
SHORT,FCFS,1,27073,27129,44,56,41.8,27072
SHORT,FCFS,0,25,361,319,336,49.0,25
SHORT,FCFS,1,27130,27242,99,112,49.0,27129
SHORT,FCFS,1,362,1223,847,861,48.0,361
SHORT,FCFS,1,27243,27537,275,294,48.0,27242
SHORT,FCFS,1,1224,1447,209,223,47.0,1223
SHORT,FCFS,2,27538,27917,363,379,47.0,27536
SHORT,FCFS,2,1448,1589,121,141,46.0,1446
SHORT,FCFS,2,27918,28330,396,412,46.0,27916
SHORT,FCFS,2,1590,2328,726,738,45.0,1588
SHORT,FCFS,3,28331,28637,286,306,45.0,28328
SHORT,FCFS,2,2329,2353,11,24,44.0,2327
SHORT,FCFS,3,28638,28904,253,266,44.0,28635
SHORT,FCFS,2,2354,2654,286,300,43.0,2352
SHORT,FCFS,5,28905,29418,495,513,43.0,28900
SHORT,FCFS,3,2655,3675,1001,1020,42.0,2652
SHORT,FCFS,5,29419,29587,154,168,42.0,29414
SHORT,FCFS,3,3676,4516,825,840,41.0,3673
SHORT,FCFS,5,29588,29769,165,181,41.0,29583
SHORT,FCFS,3,4517,4997,462,480,40.0,4514
SHORT,FCFS,5,29770,29856,66,86,40.0,29765
SHORT,FCFS,4,4998,5606,594,608,39.0,4994
SHORT,FCFS,6,29857,30001,132,144,39.0,29851
SHORT,FCFS,4,5607,5843,220,236,38.0,5603
SHORT,FCFS,6,30002,30168,154,166,38.0,29996
SHORT,FCFS,4,5844,6060,198,216,37.0,5840
SHORT,FCFS,6,30169,30702,517,533,37.0,30163
SHORT,FCFS,5,6061,6090,11,29,36.0,6056
SHORT,FCFS,6,30703,31035,319,332,36.0,30697
SHORT,FCFS,5,6091,6156,44,65,35.0,6086
SHORT,FCFS,6,31036,31479,429,443,35.0,31030
SHORT,FCFS,6,6157,6976,803,819,34.0,6151
SHORT,FCFS,7,31480,31883,385,403,34.0,31473
SHORT,FCFS,6,6977,8046,1056,1069,33.0,6971
SHORT,FCFS,7,31884,32279,374,395,33.0,31877
SHORT,FCFS,6,8047,8160,99,113,32.0,8041
SHORT,FCFS,7,32280,32692,396,412,32.0,32273
SHORT,FCFS,6,8161,8478,297,317,31.0,8155
SHORT,FCFS,8,32693,32927,220,234,31.0,32685
SHORT,FCFS,6,8479,9060,561,581,30.0,8473
SHORT,FCFS,8,32928,33343,396,415,30.0,32920
SHORT,FCFS,6,9061,9972,891,911,29.0,9055
SHORT,FCFS,9,33344,33615,253,271,29.0,33335
SHORT,FCFS,6,9973,10851,858,878,28.0,9967
SHORT,FCFS,9,33616,34052,418,436,28.0,33607
SHORT,FCFS,7,10852,11615,748,763,27.0,10845
SHORT,FCFS,10,34053,34451,385,398,27.0,34043
SHORT,FCFS,7,11616,12455,825,839,26.0,11609
SHORT,FCFS,11,34452,34784,319,332,26.0,34441
SHORT,FCFS,8,12456,12603,132,147,25.0,12448
SHORT,FCFS,11,34785,34855,55,70,25.0,34774
SHORT,FCFS,8,12604,13315,693,711,24.0,12596
SHORT,FCFS,11,34856,35060,187,204,24.0,34845
SHORT,FCFS,9,13316,13649,319,333,23.0,13307
SHORT,FCFS,11,35061,35549,473,488,23.0,35050
SHORT,FCFS,9,13650,14447,781,797,22.0,13641
SHORT,FCFS,11,35550,35997,429,447,22.0,35539
SHORT,FCFS,9,14448,15225,759,777,21.0,14439
SHORT,FCFS,12,35998,36072,55,74,21.0,35986
SHORT,FCFS,10,15226,16220,979,994,20.0,15216
SHORT,FCFS,13,36073,36255,165,182,20.0,36060
SHORT,FCFS,10,16221,17093,858,872,19.0,16211
SHORT,FCFS,13,36256,36347,77,91,19.0,36243
SHORT,FCFS,12,17094,17656,550,562,18.0,17082
SHORT,FCFS,13,36348,36728,363,380,18.0,36335
SHORT,FCFS,12,17657,18565,891,908,17.0,17645
SHORT,FCFS,14,36729,36851,110,122,17.0,36715
SHORT,FCFS,13,18566,18737,154,171,16.0,18553
SHORT,FCFS,15,36852,36899,33,47,16.0,36837
SHORT,FCFS,13,18738,18922,165,184,15.0,18725
SHORT,FCFS,15,36900,37238,319,338,15.0,36885
SHORT,FCFS,13,18923,19896,957,973,14.0,18910
SHORT,FCFS,15,37239,37473,220,234,14.0,37224
SHORT,FCFS,14,19897,20507,594,610,13.0,19883
SHORT,FCFS,16,37474,37596,110,122,13.0,37458
SHORT,FCFS,15,20508,20537,11,29,12.0,20493
SHORT,FCFS,16,37597,37959,341,362,12.0,37581
SHORT,FCFS,15,20538,20704,154,166,11.0,20523
SHORT,FCFS,16,37960,38067,88,107,11.0,37944
SHORT,FCFS,16,20705,20955,231,250,10.0,20689
SHORT,FCFS,16,38068,38122,33,54,10.0,38052
SHORT,FCFS,16,20956,21873,902,917,9.0,20940
SHORT,FCFS,17,38123,38608,473,485,9.0,38106
SHORT,FCFS,17,21874,22610,715,736,8.0,21857
SHORT,FCFS,17,38609,38947,319,338,8.0,38592
SHORT,FCFS,17,22611,23555,924,944,7.0,22594
SHORT,FCFS,17,38948,39071,110,123,7.0,38931
SHORT,FCFS,18,23556,24338,770,782,6.0,23538
SHORT,FCFS,18,39072,39291,198,219,6.0,39054
SHORT,FCFS,19,24339,24948,594,609,5.0,24320
SHORT,FCFS,18,39292,39351,44,59,5.0,39274
SHORT,FCFS,19,24949,25567,605,618,4.0,24930
SHORT,FCFS,18,39352,39375,11,23,4.0,39334
SHORT,FCFS,19,25568,25726,143,158,3.0,25549
SHORT,FCFS,20,39376,39756,363,380,3.0,39356
SHORT,FCFS,20,25727,26018,275,291,2.0,25707
SHORT,FCFS,20,39757,40226,451,469,2.0,39737
SHORT,FCFS,20,26019,27072,1034,1053,1.0,25999
SHORT,FCFS,20,40227,40384,143,157,1.0,40207
SHORT,CFS,0,0,2069,2057,2069,37.8,0
SHORT,CFS,1,48699,53596,4885,4897,47.3,48698
SHORT,CFS,0,11,24501,24483,24490,40.0,11
SHORT,CFS,1,48710,57970,9253,9260,45.8,48709
SHORT,CFS,1,17,47177,47154,47160,30.1,16
SHORT,CFS,1,48716,67998,19276,19282,36.0,48715
SHORT,CFS,1,22,17601,17574,17579,43.5,21
SHORT,CFS,2,48721,71072,22346,22351,32.4,48719
SHORT,CFS,2,26,11761,11731,11735,46.0,24
SHORT,CFS,2,48725,71856,23127,23131,30.9,48723
SHORT,CFS,2,29,43651,43618,43622,32.5,27
SHORT,CFS,3,48728,68510,19778,19782,35.6,48725
SHORT,CFS,2,32,2081,2045,2049,50.0,30
SHORT,CFS,3,48731,66744,18009,18013,37.4,48728
SHORT,CFS,2,35,22429,22390,22394,41.2,33
SHORT,CFS,5,48734,72533,23791,23799,28.6,48729
SHORT,CFS,3,38,48610,48568,48572,28.2,35
SHORT,CFS,5,48737,61656,12915,12919,42.6,48732
SHORT,CFS,3,41,46723,46679,46682,30.6,38
SHORT,CFS,5,48740,62426,13683,13686,41.8,48735
SHORT,CFS,3,43,32109,32063,32066,36.8,40
SHORT,CFS,5,48742,56096,7351,7354,47.4,48737
SHORT,CFS,4,45,38479,38431,38434,34.8,41
SHORT,CFS,6,48744,60138,11391,11394,44.0,48738
SHORT,CFS,4,47,18479,18429,18432,43.2,43
SHORT,CFS,6,48746,61526,12777,12780,42.7,48740
SHORT,CFS,4,49,17171,17119,17122,43.8,45
SHORT,CFS,6,48748,72559,23801,23811,28.5,48742
SHORT,CFS,5,51,2577,2523,2526,49.6,46
SHORT,CFS,6,48750,69528,20775,20778,34.6,48744
SHORT,CFS,5,53,5617,5561,5564,47.6,48
SHORT,CFS,6,48752,72213,23458,23461,30.0,48746
SHORT,CFS,6,55,46191,46133,46136,31.0,49
SHORT,CFS,7,48754,71686,22929,22932,31.3,48747
SHORT,CFS,6,57,48698,48638,48641,27.9,51
SHORT,CFS,7,48756,71512,22753,22756,31.7,48749
SHORT,CFS,6,59,9493,9431,9434,46.5,53
SHORT,CFS,7,48758,71864,23103,23106,30.9,48751
SHORT,CFS,6,61,23467,23403,23406,40.7,55
SHORT,CFS,8,48760,65248,16485,16488,39.0,48752
SHORT,CFS,6,63,37235,37169,37172,35.2,57
SHORT,CFS,8,48762,71911,23146,23149,30.8,48754
SHORT,CFS,6,65,47945,47877,47880,29.3,59
SHORT,CFS,9,48764,67012,18245,18248,37.1,48755
SHORT,CFS,6,67,47527,47457,47460,29.7,61
SHORT,CFS,9,48766,72130,23360,23364,30.2,48757
SHORT,CFS,7,69,44539,44467,44470,32.1,62
SHORT,CFS,10,48768,71572,22801,22804,31.6,48758
SHORT,CFS,7,71,46703,46629,46632,30.6,64
SHORT,CFS,11,48770,69544,20771,20774,34.6,48759
SHORT,CFS,8,73,12225,12149,12152,45.9,65
SHORT,CFS,11,48772,54824,6049,6052,48.4,48761
SHORT,CFS,8,75,42659,42581,42584,33.0,67
SHORT,CFS,11,48774,63716,14939,14942,40.5,48763
SHORT,CFS,9,77,24349,24269,24272,40.2,68
SHORT,CFS,11,48776,72481,23700,23705,28.9,48765
SHORT,CFS,9,79,45599,45517,45520,31.5,70
SHORT,CFS,11,48778,72237,23455,23459,29.9,48767
SHORT,CFS,9,81,45013,44929,44932,31.8,72
SHORT,CFS,12,48780,55184,6401,6404,48.1,48768
SHORT,CFS,10,83,48516,48429,48433,28.4,73
SHORT,CFS,13,48782,62520,13735,13738,41.7,48769
SHORT,CFS,10,85,47409,47321,47324,29.9,75
SHORT,CFS,13,48784,56470,7683,7686,47.1,48771
SHORT,CFS,12,87,36281,36191,36194,35.5,75
SHORT,CFS,13,48786,71130,22341,22344,32.4,48773
SHORT,CFS,12,89,47901,47809,47812,29.4,77
SHORT,CFS,14,48788,58728,9937,9940,45.4,48774
SHORT,CFS,13,91,14061,13967,13970,45.2,78
SHORT,CFS,15,48790,52894,4101,4104,49.5,48775
SHORT,CFS,13,93,14999,14903,14906,44.8,80
SHORT,CFS,15,48792,69792,20997,21000,34.2,48777
SHORT,CFS,13,95,48409,48310,48314,28.6,82
SHORT,CFS,15,48794,65268,16471,16474,38.9,48779
SHORT,CFS,14,97,38607,38507,38510,34.8,83
SHORT,CFS,16,48796,58734,9935,9938,45.4,48780
SHORT,CFS,15,99,2625,2523,2526,49.5,84
SHORT,CFS,16,48798,70588,21787,21790,33.2,48782
SHORT,CFS,15,101,13667,13563,13566,45.4,86
SHORT,CFS,16,48800,57714,8911,8914,46.2,48784
SHORT,CFS,16,103,19427,19321,19324,42.6,87
SHORT,CFS,16,48802,53578,4773,4776,49.3,48786
SHORT,CFS,16,105,47995,47887,47890,29.3,89
SHORT,CFS,17,48804,72469,23660,23665,29.0,48787
SHORT,CFS,17,107,43641,43531,43534,32.6,90
SHORT,CFS,17,48806,69798,20989,20992,34.2,48789
SHORT,CFS,17,109,48214,48101,48105,28.9,92
SHORT,CFS,17,48808,58816,10005,10008,45.2,48791
SHORT,CFS,18,111,45163,45049,45052,31.7,93
SHORT,CFS,18,48810,64546,15733,15736,39.6,48792
SHORT,CFS,19,113,38567,38451,38454,34.8,94
SHORT,CFS,18,48812,53958,5143,5146,49.0,48794
SHORT,CFS,19,115,38939,38821,38824,34.6,96
SHORT,CFS,18,48814,50760,1943,1946,50.0,48796
SHORT,CFS,19,117,13107,12987,12990,45.6,98
SHORT,CFS,20,48816,71134,22315,22318,32.4,48796
SHORT,CFS,20,119,21957,21835,21838,41.4,99
SHORT,CFS,20,48818,72393,23571,23575,29.3,48798
SHORT,CFS,20,121,48679,48552,48558,28.0,101
SHORT,CFS,20,48820,61032,12209,12212,43.1,48800
SHORT,MLFQ,0,0,1102,1089,1102,26.7,0
SHORT,MLFQ,1,27073,29265,2180,2192,40.5,27072
SHORT,MLFQ,0,22,13339,13300,13317,39.6,22
SHORT,MLFQ,1,27095,32152,5044,5057,45.3,27094
SHORT,MLFQ,1,33,25960,25913,25927,29.5,32
SHORT,MLFQ,1,27106,37543,10418,10437,36.0,27105
SHORT,MLFQ,1,44,9340,9282,9296,43.0,43
SHORT,MLFQ,2,27117,39189,12056,12072,32.2,27115
SHORT,MLFQ,2,55,6096,6021,6041,45.5,53
SHORT,MLFQ,2,27128,39682,12538,12554,30.7,27126
SHORT,MLFQ,2,66,23841,23763,23775,31.8,64
SHORT,MLFQ,3,27139,37608,10449,10469,35.5,27136
SHORT,MLFQ,2,77,1215,1125,1138,48.7,75
SHORT,MLFQ,3,27150,37086,9923,9936,37.0,27147
SHORT,MLFQ,2,88,11996,11894,11908,40.5,86
SHORT,MLFQ,5,27161,40356,13177,13195,25.5,27156
SHORT,MLFQ,3,99,26972,26854,26873,25.8,96
SHORT,MLFQ,5,27172,33914,6728,6742,42.1,27167
SHORT,MLFQ,3,110,25732,25607,25622,29.8,107
SHORT,MLFQ,5,27183,34641,7442,7458,41.3,27178
SHORT,MLFQ,3,121,17278,17139,17157,36.0,118
SHORT,MLFQ,5,27194,30750,3536,3556,47.1,27189
SHORT,MLFQ,4,132,20946,20800,20814,34.0,128
SHORT,MLFQ,6,27205,33481,6264,6276,43.1,27199
SHORT,MLFQ,4,143,9816,9657,9673,42.4,139
SHORT,MLFQ,6,27216,33949,6721,6733,41.8,27210
SHORT,MLFQ,4,154,9425,9253,9271,43.0,150
SHORT,MLFQ,6,27227,40384,13141,13157,24.3,27221
SHORT,MLFQ,5,165,1377,1194,1212,48.3,160
SHORT,MLFQ,6,27238,38623,11372,11385,33.7,27232
SHORT,MLFQ,5,176,2419,2222,2243,46.7,171
SHORT,MLFQ,6,27249,40127,12864,12878,28.4,27243
SHORT,MLFQ,6,187,25441,25238,25254,30.1,181
SHORT,MLFQ,7,27260,39756,12478,12496,30.6,27253
SHORT,MLFQ,6,198,27072,26861,26874,24.3,192
SHORT,MLFQ,7,27271,39475,12183,12204,31.2,27264
SHORT,MLFQ,6,209,5437,5214,5228,45.3,203
SHORT,MLFQ,7,27282,39773,12475,12491,30.0,27275
SHORT,MLFQ,6,220,12848,12608,12628,39.7,214
SHORT,MLFQ,8,27293,36353,9046,9060,38.1,27285
SHORT,MLFQ,6,231,20425,20174,20194,34.2,225
SHORT,MLFQ,8,27304,39793,12470,12489,29.9,27296
SHORT,MLFQ,6,242,26446,26184,26204,28.1,236
SHORT,MLFQ,9,27315,37270,9937,9955,36.5,27306
SHORT,MLFQ,6,253,26047,25774,25794,28.8,247
SHORT,MLFQ,9,27326,39991,12647,12665,28.7,27317
SHORT,MLFQ,7,264,24418,24139,24154,31.0,257
SHORT,MLFQ,10,27337,39818,12468,12481,30.4,27327
SHORT,MLFQ,7,275,25802,25513,25527,29.5,268
SHORT,MLFQ,11,27348,38780,11419,11432,33.5,27337
SHORT,MLFQ,8,286,6750,6449,6464,44.6,278
SHORT,MLFQ,11,27359,30429,3055,3070,47.9,27348
SHORT,MLFQ,8,297,23564,23249,23267,31.9,289
SHORT,MLFQ,11,27370,35579,8192,8209,39.7,27359
SHORT,MLFQ,9,308,13651,13329,13343,38.9,299
SHORT,MLFQ,11,27381,40346,12950,12965,25.8,27370
SHORT,MLFQ,9,319,25215,24880,24896,30.3,310
SHORT,MLFQ,11,27392,40157,12747,12765,27.9,27381
SHORT,MLFQ,9,330,24866,24518,24536,30.7,321
SHORT,MLFQ,12,27403,30471,3049,3068,47.7,27391
SHORT,MLFQ,10,341,26941,26585,26600,25.8,331
SHORT,MLFQ,13,27414,34978,7547,7564,40.9,27401
SHORT,MLFQ,10,352,26084,25718,25732,28.6,342
SHORT,MLFQ,13,27425,31843,4404,4418,46.1,27412
SHORT,MLFQ,12,363,20041,19666,19678,34.3,351
SHORT,MLFQ,13,27436,39614,12161,12178,31.3,27423
SHORT,MLFQ,12,374,26475,26084,26101,27.8,362
SHORT,MLFQ,14,27447,32759,5300,5312,44.2,27433
SHORT,MLFQ,13,385,7659,7257,7274,44.1,372
SHORT,MLFQ,15,27458,29995,2523,2537,48.6,27443
SHORT,MLFQ,13,396,8544,8129,8148,43.6,383
SHORT,MLFQ,15,27469,38855,11367,11386,33.0,27454
SHORT,MLFQ,13,407,26870,26447,26463,26.2,394
SHORT,MLFQ,15,27480,36456,8962,8976,37.3,27465
SHORT,MLFQ,14,418,21392,20958,20974,33.5,404
SHORT,MLFQ,16,27491,32816,5313,5325,43.4,27475
SHORT,MLFQ,15,429,1891,1444,1462,48.0,414
SHORT,MLFQ,16,27502,39150,11627,11648,31.8,27486
SHORT,MLFQ,15,440,7738,7286,7298,43.8,425
SHORT,MLFQ,16,27513,31995,4463,4482,44.7,27497
SHORT,MLFQ,16,451,10991,10521,10540,41.2,435
SHORT,MLFQ,16,27524,30072,2527,2548,48.4,27508
SHORT,MLFQ,16,462,26513,26036,26051,27.4,446
SHORT,MLFQ,17,27535,40348,12801,12813,25.2,27518
SHORT,MLFQ,17,473,24105,23611,23632,31.3,456
SHORT,MLFQ,17,27546,38908,11343,11362,32.7,27529
SHORT,MLFQ,17,484,26666,26162,26182,26.8,467
SHORT,MLFQ,17,27557,32896,5326,5339,43.0,27540
SHORT,MLFQ,18,495,25011,24504,24516,30.3,477
SHORT,MLFQ,18,27568,35777,8188,8209,38.0,27550
SHORT,MLFQ,19,506,21441,20920,20935,33.4,487
SHORT,MLFQ,18,27579,30608,3014,3029,47.3,27561
SHORT,MLFQ,19,517,21862,21332,21345,33.1,498
SHORT,MLFQ,18,27590,29186,1584,1596,49.0,27572
SHORT,MLFQ,19,528,7897,7354,7369,43.9,509
SHORT,MLFQ,20,27601,39643,12025,12042,30.5,27581
SHORT,MLFQ,20,539,12321,11766,11782,39.7,519
SHORT,MLFQ,20,27612,40297,12667,12685,25.9,27592
SHORT,MLFQ,20,550,27058,26489,26508,24.2,530
SHORT,MLFQ,20,27623,34503,6866,6880,40.8,27603
SHORT,RR,0,0,365,352,365,27.7,0
SHORT,RR,1,27073,29265,2180,2192,41.5,27072
SHORT,RR,0,22,13339,13300,13317,40.3,22
SHORT,RR,1,27095,32152,5044,5057,45.8,27094
SHORT,RR,1,33,25960,25913,25927,30.2,32
SHORT,RR,1,27106,37543,10418,10437,36.5,27105
SHORT,RR,1,44,9645,9587,9601,43.6,43
SHORT,RR,2,27117,39343,12210,12226,32.7,27115
SHORT,RR,2,55,6140,6065,6085,46.1,53
SHORT,RR,2,27128,39803,12659,12675,31.1,27126
SHORT,RR,2,66,24050,23972,23984,32.5,64
SHORT,RR,3,27139,37828,10669,10689,36.0,27136
SHORT,RR,2,77,1160,1070,1083,49.3,75
SHORT,RR,3,27150,37042,9879,9892,37.5,27147
SHORT,RR,2,88,12321,12219,12233,41.1,86
SHORT,RR,5,27161,40356,13177,13195,26.0,27156
SHORT,RR,3,99,26972,26854,26873,26.5,96
SHORT,RR,5,27172,34215,7029,7043,42.7,27167
SHORT,RR,3,110,25710,25585,25600,30.6,107
SHORT,RR,5,27183,34575,7376,7392,42.0,27178
SHORT,RR,3,121,17542,17403,17421,36.8,118
SHORT,RR,5,27194,30882,3668,3688,47.6,27189
SHORT,RR,4,132,21177,21031,21045,34.8,128
SHORT,RR,6,27205,33470,6253,6265,43.8,27199
SHORT,RR,4,143,10113,9954,9970,43.1,139
SHORT,RR,6,27216,34228,7000,7012,42.5,27210
SHORT,RR,4,154,9322,9150,9168,43.8,150
SHORT,RR,6,27227,40384,13141,13157,24.9,27221
SHORT,RR,5,165,1245,1062,1080,49.0,160
SHORT,RR,6,27238,38579,11328,11341,34.4,27232
SHORT,RR,5,176,2782,2585,2606,47.3,171
SHORT,RR,6,27249,40105,12842,12856,29.1,27243
SHORT,RR,6,187,25408,25205,25221,31.0,181
SHORT,RR,7,27260,39717,12439,12457,31.4,27253
SHORT,RR,6,198,27072,26861,26874,25.2,192
SHORT,RR,7,27271,39577,12285,12306,31.9,27264
SHORT,RR,6,209,5283,5060,5074,46.2,203
SHORT,RR,7,27282,39842,12544,12560,30.8,27275
SHORT,RR,6,220,12749,12509,12529,40.6,214
SHORT,RR,8,27293,36265,8958,8972,38.9,27285
SHORT,RR,6,231,20348,20097,20117,35.2,225
SHORT,RR,8,27304,39851,12528,12547,30.7,27296
SHORT,RR,6,242,26424,26162,26182,29.0,236
SHORT,RR,9,27315,37138,9805,9823,37.2,27306
SHORT,RR,6,253,26124,25851,25871,29.8,247
SHORT,RR,9,27326,40035,12691,12709,29.6,27317
SHORT,RR,7,264,24539,24260,24275,32.0,257
SHORT,RR,10,27337,39753,12403,12416,31.3,27327
SHORT,RR,7,275,25747,25458,25472,30.5,268
SHORT,RR,11,27348,38659,11298,11311,34.3,27337
SHORT,RR,8,286,6794,6493,6508,45.5,278
SHORT,RR,11,27359,30555,3181,3196,48.3,27348
SHORT,RR,8,297,23454,23139,23157,32.9,289
SHORT,RR,11,27370,35381,7994,8011,40.5,27359
SHORT,RR,9,308,13497,13175,13189,39.9,299
SHORT,RR,11,27381,40324,12928,12943,26.7,27370
SHORT,RR,9,319,25127,24792,24808,31.3,310
SHORT,RR,11,27392,40124,12714,12732,28.9,27381
SHORT,RR,9,330,24767,24419,24437,31.7,321
SHORT,RR,12,27403,30597,3175,3194,48.1,27391
SHORT,RR,10,341,26919,26563,26578,26.8,331
SHORT,RR,13,27414,34747,7316,7333,41.6,27401
SHORT,RR,10,352,26139,25773,25787,29.6,342
SHORT,RR,13,27425,31546,4107,4121,46.7,27412
SHORT,RR,12,366,20151,19773,19785,35.3,354
SHORT,RR,13,27436,39482,12029,12046,32.2,27423
SHORT,RR,12,377,26442,26048,26065,28.9,365
SHORT,RR,14,27447,32880,5421,5433,44.8,27433
SHORT,RR,13,388,7807,7402,7419,44.9,375
SHORT,RR,15,27458,29632,2160,2174,49.4,27443
SHORT,RR,13,399,8247,7829,7848,44.5,386
SHORT,RR,15,27469,38701,11213,11232,34.1,27454
SHORT,RR,13,410,26837,26411,26427,27.3,397
SHORT,RR,15,27480,36368,8874,8888,38.5,27465
SHORT,RR,14,421,21326,20889,20905,34.6,407
SHORT,RR,16,27491,32904,5401,5413,44.7,27475
SHORT,RR,15,432,1506,1056,1074,48.3,417
SHORT,RR,16,27502,39117,11594,11615,33.0,27486
SHORT,RR,15,443,7842,7387,7399,44.8,428
SHORT,RR,16,27513,32072,4540,4559,45.9,27497
SHORT,RR,16,454,10705,10232,10251,42.3,438
SHORT,RR,16,27524,29698,2153,2174,49.2,27508
SHORT,RR,16,465,26535,26055,26070,28.5,449
SHORT,RR,17,27535,40326,12779,12791,26.4,27518
SHORT,RR,17,476,24004,23507,23528,32.4,459
SHORT,RR,17,27546,38732,11167,11186,33.9,27529
SHORT,RR,17,487,26677,26170,26190,28.0,470
SHORT,RR,17,27557,32940,5370,5383,44.4,27540
SHORT,RR,18,498,25022,24512,24524,31.4,480
SHORT,RR,18,27568,35799,8210,8231,39.4,27550
SHORT,RR,19,509,21375,20851,20866,34.5,490
SHORT,RR,18,27579,30253,2659,2674,48.5,27561
SHORT,RR,19,520,21631,21098,21111,34.3,501
SHORT,RR,18,27590,28691,1089,1101,50.0,27572
SHORT,RR,19,531,7481,6935,6950,45.1,512
SHORT,RR,20,27601,39500,11882,11899,31.8,27581
SHORT,RR,20,542,12273,11715,11731,41.0,522
SHORT,RR,20,27612,40253,12623,12641,27.3,27592
SHORT,RR,20,553,27058,26486,26505,25.3,533
SHORT,RR,20,27623,34145,6508,6522,42.4,27603
SHORT,SJF,0,0,35,22,35,27.7,0
SHORT,SJF,1,26556,26717,149,161,39.3,26555
SHORT,SJF,0,3250,3575,308,325,30.0,3250
SHORT,SJF,1,27145,27246,88,101,40.0,27144
SHORT,SJF,1,15276,16126,836,850,12.0,15275
SHORT,SJF,1,29912,30195,264,283,24.0,29911
SHORT,SJF,1,1370,1582,198,212,37.0,1369
SHORT,SJF,2,32166,32534,352,368,17.0,32164
SHORT,SJF,2,257,387,110,130,44.0,255
SHORT,SJF,2,34452,35249,781,797,11.0,34450
SHORT,SJF,2,9001,9728,715,727,20.0,8999
SHORT,SJF,3,30196,30491,275,295,23.0,30193
SHORT,SJF,2,22,49,14,27,49.3,20
SHORT,SJF,3,29395,29650,242,255,26.0,29392
SHORT,SJF,2,2330,2619,275,289,33.0,2328
SHORT,SJF,5,38380,38882,484,502,2.0,38375
SHORT,SJF,3,23444,24453,990,1009,3.0,23441
SHORT,SJF,5,28032,28189,143,157,33.0,28027
SHORT,SJF,3,14446,15275,814,829,13.0,14443
SHORT,SJF,5,28190,28360,154,170,32.0,28185
SHORT,SJF,3,3576,4045,451,469,29.0,3573
SHORT,SJF,5,26891,26966,55,75,43.0,26886
SHORT,SJF,4,5169,5766,583,597,26.0,5165
SHORT,SJF,6,27595,27728,121,133,36.0,27589
SHORT,SJF,4,1583,1808,209,225,36.0,1579
SHORT,SJF,6,27876,28031,143,155,34.0,27870
SHORT,SJF,4,1164,1369,187,205,38.0,1160
SHORT,SJF,6,38883,39405,506,522,1.0,38877
SHORT,SJF,5,50,79,11,29,48.0,45
SHORT,SJF,6,30492,31132,627,640,22.0,30486
SHORT,SJF,5,99,153,33,54,46.0,94
SHORT,SJF,6,36098,36530,418,432,7.0,36092
SHORT,SJF,6,12808,13616,792,808,15.0,12802
SHORT,SJF,7,34059,34451,374,392,12.0,34052
SHORT,SJF,6,25497,26555,1045,1058,1.0,25491
SHORT,SJF,7,33286,33670,363,384,14.0,33279
SHORT,SJF,6,154,256,88,102,45.0,148
SHORT,SJF,7,34463,35266,787,803,10.9,34456
SHORT,SJF,6,2620,2926,286,306,32.0,2614
SHORT,SJF,8,28936,29379,429,443,28.0,28928
SHORT,SJF,6,4598,5168,550,570,27.0,4592
SHORT,SJF,8,35267,35671,385,404,9.0,35259
SHORT,SJF,6,18755,19655,880,900,8.0,18749
SHORT,SJF,9,29651,29911,242,260,25.0,29642
SHORT,SJF,6,16989,17856,847,867,10.0,16983
SHORT,SJF,9,35672,36097,407,425,8.0,35663
SHORT,SJF,7,9729,10481,737,752,19.0,9722
SHORT,SJF,10,33671,34058,374,387,13.0,33661
SHORT,SJF,7,13617,14445,814,828,14.0,13610
SHORT,SJF,11,30503,31146,630,643,21.9,30492
SHORT,SJF,8,388,524,121,136,43.0,380
SHORT,SJF,11,26767,26826,44,59,45.0,26756
SHORT,SJF,8,7574,8274,682,700,22.0,7566
SHORT,SJF,11,28533,28726,176,193,30.0,28522
SHORT,SJF,9,2927,3249,308,322,31.0,2918
SHORT,SJF,11,37902,38379,462,477,3.0,37891
SHORT,SJF,9,12021,12807,770,786,16.0,12012
SHORT,SJF,11,36531,36967,418,436,6.0,36520
SHORT,SJF,9,10482,11248,748,766,18.0,10473
SHORT,SJF,12,26827,26890,44,63,44.0,26815
SHORT,SJF,10,22460,23443,968,983,4.0,22450
SHORT,SJF,13,28361,28532,154,171,31.0,28348
SHORT,SJF,10,16127,16988,847,861,11.0,16117
SHORT,SJF,13,26967,27047,66,80,42.0,26954
SHORT,SJF,12,4046,4597,539,551,28.0,4034
SHORT,SJF,13,32535,33267,715,732,16.0,32522
SHORT,SJF,12,17857,18754,880,897,9.0,17845
SHORT,SJF,14,27247,27468,209,221,39.0,27233
SHORT,SJF,13,829,989,143,160,40.0,816
SHORT,SJF,15,26591,26627,22,36,49.0,26576
SHORT,SJF,13,990,1163,154,173,39.0,977
SHORT,SJF,15,31147,31793,627,646,20.0,31132
SHORT,SJF,13,21497,22459,946,962,5.0,21484
SHORT,SJF,15,28947,29394,433,447,27.9,28932
SHORT,SJF,14,6366,6965,583,599,24.0,6352
SHORT,SJF,16,27258,27481,211,223,38.8,27242
SHORT,SJF,15,61,98,19,37,47.3,46
SHORT,SJF,16,31814,32165,330,351,18.0,31798
SHORT,SJF,15,673,828,143,155,41.0,658
SHORT,SJF,16,27048,27144,77,96,41.0,27032
SHORT,SJF,16,1809,2048,220,239,35.0,1793
SHORT,SJF,16,26628,26671,22,43,48.0,26612
SHORT,SJF,16,19656,20562,891,906,7.0,19640
SHORT,SJF,17,37427,37901,462,474,4.0,37410
SHORT,SJF,17,8275,9000,704,725,21.0,8258
SHORT,SJF,17,31158,31813,636,655,19.9,31141
SHORT,SJF,17,20563,21496,913,933,6.0,20546
SHORT,SJF,17,27482,27594,99,112,37.0,27465
SHORT,SJF,18,11249,12020,759,771,17.0,11231
SHORT,SJF,18,28727,28935,187,208,29.0,28709
SHORT,SJF,19,5767,6365,583,598,25.0,5748
SHORT,SJF,18,26718,26766,33,48,46.0,26700
SHORT,SJF,19,6966,7573,594,607,23.0,6947
SHORT,SJF,18,26567,26590,11,23,50.0,26549
SHORT,SJF,19,525,672,132,147,42.0,506
SHORT,SJF,20,32546,33285,722,739,15.9,32526
SHORT,SJF,20,2049,2329,264,280,34.0,2029
SHORT,SJF,20,36968,37426,440,458,5.0,36948
SHORT,SJF,20,24454,25496,1023,1042,2.0,24434
SHORT,SJF,20,27729,27875,132,146,35.0,27709
LONG,FCFS,0,0,24,11,24,27.7,0
LONG,FCFS,1,27073,27129,44,56,41.8,27072
LONG,FCFS,2,40385,40861,462,476,48.9,40383
LONG,FCFS,0,25,361,319,336,49.0,25
LONG,FCFS,1,27130,27242,99,112,49.0,27129
LONG,FCFS,2,40862,41002,121,140,49.0,40860
LONG,FCFS,1,362,1223,847,861,48.0,361
LONG,FCFS,1,27243,27537,275,294,48.0,27242
LONG,FCFS,2,41003,41105,88,102,48.0,41001
LONG,FCFS,1,1224,1447,209,223,47.0,1223
LONG,FCFS,2,27538,27917,363,379,47.0,27536
LONG,FCFS,3,41106,41204,77,98,47.0,41103
LONG,FCFS,2,1448,1589,121,141,46.0,1446
LONG,FCFS,2,27918,28330,396,412,46.0,27916
LONG,FCFS,3,41205,41409,187,204,46.0,41202
LONG,FCFS,2,1590,2328,726,738,45.0,1588
LONG,FCFS,3,28331,28637,286,306,45.0,28328
LONG,FCFS,6,41410,41884,462,474,45.0,41404
LONG,FCFS,2,2329,2353,11,24,44.0,2327
LONG,FCFS,3,28638,28904,253,266,44.0,28635
LONG,FCFS,6,41885,41937,33,52,44.0,41879
LONG,FCFS,2,2354,2654,286,300,43.0,2352
LONG,FCFS,5,28905,29418,495,513,43.0,28900
LONG,FCFS,6,41938,42002,44,64,43.0,41932
LONG,FCFS,3,2655,3675,1001,1020,42.0,2652
LONG,FCFS,5,29419,29587,154,168,42.0,29414
LONG,FCFS,7,42003,42130,110,127,42.0,41996
LONG,FCFS,3,3676,4516,825,840,41.0,3673
LONG,FCFS,5,29588,29769,165,181,41.0,29583
LONG,FCFS,7,42131,42184,33,53,41.0,42124
LONG,FCFS,3,4517,4997,462,480,40.0,4514
LONG,FCFS,5,29770,29856,66,86,40.0,29765
LONG,FCFS,7,42185,42349,143,164,40.0,42178
LONG,FCFS,4,4998,5606,594,608,39.0,4994
LONG,FCFS,6,29857,30001,132,144,39.0,29851
LONG,FCFS,8,42350,42693,330,343,39.0,42342
LONG,FCFS,4,5607,5843,220,236,38.0,5603
LONG,FCFS,6,30002,30168,154,166,38.0,29996
LONG,FCFS,9,42694,42990,275,296,38.0,42685
LONG,FCFS,4,5844,6060,198,216,37.0,5840
LONG,FCFS,6,30169,30702,517,533,37.0,30163
LONG,FCFS,9,42991,43509,506,518,37.0,42982
LONG,FCFS,5,6061,6090,11,29,36.0,6056
LONG,FCFS,6,30703,31035,319,332,36.0,30697
LONG,FCFS,9,43510,43660,132,150,36.0,43501
LONG,FCFS,5,6091,6156,44,65,35.0,6086
LONG,FCFS,6,31036,31479,429,443,35.0,31030
LONG,FCFS,10,43661,44065,385,404,35.0,43651
LONG,FCFS,6,6157,6976,803,819,34.0,6151
LONG,FCFS,7,31480,31883,385,403,34.0,31473
LONG,FCFS,10,44066,44310,231,244,34.0,44056
LONG,FCFS,6,6977,8046,1056,1069,33.0,6971
LONG,FCFS,7,31884,32279,374,395,33.0,31877
LONG,FCFS,10,44311,44459,132,148,33.0,44301
LONG,FCFS,6,8047,8160,99,113,32.0,8041
LONG,FCFS,7,32280,32692,396,412,32.0,32273
LONG,FCFS,10,44460,44571,99,111,32.0,44450
LONG,FCFS,6,8161,8478,297,317,31.0,8155
LONG,FCFS,8,32693,32927,220,234,31.0,32685
LONG,FCFS,10,44572,44910,319,338,31.0,44562
LONG,FCFS,6,8479,9060,561,581,30.0,8473
LONG,FCFS,8,32928,33343,396,415,30.0,32920
LONG,FCFS,11,44911,44968,44,57,30.0,44900
LONG,FCFS,6,9061,9972,891,911,29.0,9055
LONG,FCFS,9,33344,33615,253,271,29.0,33335
LONG,FCFS,11,44969,45450,462,481,29.0,44958
LONG,FCFS,6,9973,10851,858,878,28.0,9967
LONG,FCFS,9,33616,34052,418,436,28.0,33607
LONG,FCFS,11,45451,45771,308,320,28.0,45440
LONG,FCFS,7,10852,11615,748,763,27.0,10845
LONG,FCFS,10,34053,34451,385,398,27.0,34043
LONG,FCFS,11,45772,46075,286,303,27.0,45761
LONG,FCFS,7,11616,12455,825,839,26.0,11609
LONG,FCFS,11,34452,34784,319,332,26.0,34441
LONG,FCFS,12,46076,46359,264,283,26.0,46064
LONG,FCFS,8,12456,12603,132,147,25.0,12448
LONG,FCFS,11,34785,34855,55,70,25.0,34774
LONG,FCFS,12,46360,46406,33,46,25.0,46348
LONG,FCFS,8,12604,13315,693,711,24.0,12596
LONG,FCFS,11,34856,35060,187,204,24.0,34845
LONG,FCFS,12,46407,46445,22,38,24.0,46395
LONG,FCFS,9,13316,13649,319,333,23.0,13307
LONG,FCFS,11,35061,35549,473,488,23.0,35050
LONG,FCFS,12,46446,46662,198,216,23.0,46434
LONG,FCFS,9,13650,14447,781,797,22.0,13641
LONG,FCFS,11,35550,35997,429,447,22.0,35539
LONG,FCFS,13,46663,46800,121,137,22.0,46650
LONG,FCFS,9,14448,15225,759,777,21.0,14439
LONG,FCFS,12,35998,36072,55,74,21.0,35986
LONG,FCFS,13,46801,46949,132,148,21.0,46788
LONG,FCFS,10,15226,16220,979,994,20.0,15216
LONG,FCFS,13,36073,36255,165,182,20.0,36060
LONG,FCFS,14,46950,47418,451,468,20.0,46936
LONG,FCFS,10,16221,17093,858,872,19.0,16211
LONG,FCFS,13,36256,36347,77,91,19.0,36243
LONG,FCFS,15,47419,47657,220,238,19.0,47404
LONG,FCFS,12,17094,17656,550,562,18.0,17082
LONG,FCFS,13,36348,36728,363,380,18.0,36335
LONG,FCFS,15,47658,47816,143,158,18.0,47643
LONG,FCFS,12,17657,18565,891,908,17.0,17645
LONG,FCFS,14,36729,36851,110,122,17.0,36715
LONG,FCFS,15,47817,48330,495,513,17.0,47802
LONG,FCFS,13,18566,18737,154,171,16.0,18553
LONG,FCFS,15,36852,36899,33,47,16.0,36837
LONG,FCFS,15,48331,48625,275,294,16.0,48316
LONG,FCFS,13,18738,18922,165,184,15.0,18725
LONG,FCFS,15,36900,37238,319,338,15.0,36885
LONG,FCFS,16,48626,48886,242,260,15.0,48610
LONG,FCFS,13,18923,19896,957,973,14.0,18910
LONG,FCFS,15,37239,37473,220,234,14.0,37224
LONG,FCFS,17,48887,48958,55,71,14.0,48870
LONG,FCFS,14,19897,20507,594,610,13.0,19883
LONG,FCFS,16,37474,37596,110,122,13.0,37458
LONG,FCFS,18,48959,49258,286,299,13.0,48941
LONG,FCFS,15,20508,20537,11,29,12.0,20493
LONG,FCFS,16,37597,37959,341,362,12.0,37581
LONG,FCFS,18,49259,49660,385,401,12.0,49241
LONG,FCFS,15,20538,20704,154,166,11.0,20523
LONG,FCFS,16,37960,38067,88,107,11.0,37944
LONG,FCFS,18,49661,49882,209,221,11.0,49643
LONG,FCFS,16,20705,20955,231,250,10.0,20689
LONG,FCFS,16,38068,38122,33,54,10.0,38052
LONG,FCFS,18,49883,49900,0,17,10.0,49865
LONG,FCFS,16,20956,21873,902,917,9.0,20940
LONG,FCFS,17,38123,38608,473,485,9.0,38106
LONG,FCFS,18,49901,50182,264,281,9.0,49883
LONG,FCFS,17,21874,22610,715,736,8.0,21857
LONG,FCFS,17,38609,38947,319,338,8.0,38592
LONG,FCFS,18,50183,50229,33,46,8.0,50165
LONG,FCFS,17,22611,23555,924,944,7.0,22594
LONG,FCFS,17,38948,39071,110,123,7.0,38931
LONG,FCFS,18,50230,50317,66,87,7.0,50212
LONG,FCFS,18,23556,24338,770,782,6.0,23538
LONG,FCFS,18,39072,39291,198,219,6.0,39054
LONG,FCFS,18,50318,50774,440,456,6.0,50300
LONG,FCFS,19,24339,24948,594,609,5.0,24320
LONG,FCFS,18,39292,39351,44,59,5.0,39274
LONG,FCFS,19,50775,50886,99,111,5.0,50756
LONG,FCFS,19,24949,25567,605,618,4.0,24930
LONG,FCFS,18,39352,39375,11,23,4.0,39334
LONG,FCFS,19,50887,51126,220,239,4.0,50868
LONG,FCFS,19,25568,25726,143,158,3.0,25549
LONG,FCFS,20,39376,39756,363,380,3.0,39356
LONG,FCFS,19,51127,51192,44,65,3.0,51108
LONG,FCFS,20,25727,26018,275,291,2.0,25707
LONG,FCFS,20,39757,40226,451,469,2.0,39737
LONG,FCFS,19,51193,51557,352,364,2.0,51174
LONG,FCFS,20,26019,27072,1034,1053,1.0,25999
LONG,FCFS,20,40227,40384,143,157,1.0,40207
LONG,FCFS,19,51558,51853,275,295,1.0,51539
LONG,CFS,0,0,2069,2057,2069,37.8,0
LONG,CFS,1,48699,53596,4885,4897,47.3,48698
LONG,CFS,2,72560,92808,20236,20248,24.7,72558
LONG,CFS,0,11,24501,24483,24490,40.0,11
LONG,CFS,1,48710,57970,9253,9260,45.8,48709
LONG,CFS,2,72571,83261,10683,10690,41.9,72569
LONG,CFS,1,17,47177,47154,47160,30.1,16
LONG,CFS,1,48716,67998,19276,19282,36.0,48715
LONG,CFS,2,72577,80801,8218,8224,44.7,72575
LONG,CFS,1,22,17601,17574,17579,43.5,21
LONG,CFS,2,48721,71072,22346,22351,32.4,48719
LONG,CFS,3,72582,80573,7986,7991,45.0,72579
LONG,CFS,2,26,11761,11731,11735,46.0,24
LONG,CFS,2,48725,71856,23127,23131,30.9,48723
LONG,CFS,3,72586,86527,13937,13941,37.7,72583
LONG,CFS,2,29,43651,43618,43622,32.5,27
LONG,CFS,3,48728,68510,19778,19782,35.6,48725
LONG,CFS,6,72589,92797,20204,20208,26.0,72583
LONG,CFS,2,32,2081,2045,2049,50.0,30
LONG,CFS,3,48731,66744,18009,18013,37.4,48728
LONG,CFS,6,72592,77135,4539,4543,48.8,72586
LONG,CFS,2,35,22429,22390,22394,41.2,33
LONG,CFS,5,48734,72533,23791,23799,28.6,48729
LONG,CFS,6,72595,78097,5498,5502,47.8,72589
LONG,CFS,3,38,48610,48568,48572,28.2,35
LONG,CFS,5,48737,61656,12915,12919,42.6,48732
LONG,CFS,7,72598,82453,9851,9855,42.9,72591
LONG,CFS,3,41,46723,46679,46682,30.6,38
LONG,CFS,5,48740,62426,13683,13686,41.8,48735
LONG,CFS,7,72601,77231,4627,4630,48.7,72594
LONG,CFS,3,43,32109,32063,32066,36.8,40
LONG,CFS,5,48742,56096,7351,7354,47.4,48737
LONG,CFS,7,72603,84585,11979,11982,40.3,72596
LONG,CFS,4,45,38479,38431,38434,34.8,41
LONG,CFS,6,48744,60138,11391,11394,44.0,48738
LONG,CFS,8,72605,91273,18665,18668,30.0,72597
LONG,CFS,4,47,18479,18429,18432,43.2,43
LONG,CFS,6,48746,61526,12777,12780,42.7,48740
LONG,CFS,9,72607,90207,17597,17600,32.8,72598
LONG,CFS,4,49,17171,17119,17122,43.8,45
LONG,CFS,6,48748,72559,23801,23811,28.5,48742
LONG,CFS,9,72609,92907,20293,20298,25.5,72600
LONG,CFS,5,51,2577,2523,2526,49.6,46
LONG,CFS,6,48750,69528,20775,20778,34.6,48744
LONG,CFS,9,72611,83847,11233,11236,41.4,72602
LONG,CFS,5,53,5617,5561,5564,47.6,48
LONG,CFS,6,48752,72213,23458,23461,30.0,48746
LONG,CFS,10,72613,92157,19540,19544,27.8,72603
LONG,CFS,6,55,46191,46133,46136,31.0,49
LONG,CFS,7,48754,71686,22929,22932,31.3,48747
LONG,CFS,10,72615,88309,15691,15694,35.6,72605
LONG,CFS,6,57,48698,48638,48641,27.9,51
LONG,CFS,7,48756,71512,22753,22756,31.7,48749
LONG,CFS,10,72617,83729,11109,11112,41.6,72607
LONG,CFS,6,59,9493,9431,9434,46.5,53
LONG,CFS,7,48758,71864,23103,23106,30.9,48751
LONG,CFS,10,72619,81417,8795,8798,44.2,72609
LONG,CFS,6,61,23467,23403,23406,40.7,55
LONG,CFS,8,48760,65248,16485,16488,39.0,48752
LONG,CFS,10,72621,91189,18565,18568,30.3,72611
LONG,CFS,6,63,37235,37169,37172,35.2,57
LONG,CFS,8,48762,71911,23146,23149,30.8,48754
LONG,CFS,11,72623,77517,4891,4894,48.4,72612
LONG,CFS,6,65,47945,47877,47880,29.3,59
LONG,CFS,9,48764,67012,18245,18248,37.1,48755
LONG,CFS,11,72625,92829,20199,20204,25.9,72614
LONG,CFS,6,67,47527,47457,47460,29.7,61
LONG,CFS,9,48766,72130,23360,23364,30.2,48757
LONG,CFS,11,72627,90783,18153,18156,31.3,72616
LONG,CFS,7,69,44539,44467,44470,32.1,62
LONG,CFS,10,48768,71572,22801,22804,31.6,48758
LONG,CFS,11,72629,90393,17761,17764,32.3,72618
LONG,CFS,7,71,46703,46629,46632,30.6,64
LONG,CFS,11,48770,69544,20771,20774,34.6,48759
LONG,CFS,12,72631,89789,17155,17158,33.4,72619
LONG,CFS,8,73,12225,12149,12152,45.9,65
LONG,CFS,11,48772,54824,6049,6052,48.4,48761
LONG,CFS,12,72633,76617,3981,3984,49.2,72621
LONG,CFS,8,75,42659,42581,42584,33.0,67
LONG,CFS,11,48774,63716,14939,14942,40.5,48763
LONG,CFS,12,72635,75945,3307,3310,49.5,72623
LONG,CFS,9,77,24349,24269,24272,40.2,68
LONG,CFS,11,48776,72481,23700,23705,28.9,48765
LONG,CFS,12,72637,87123,14483,14486,37.0,72625
LONG,CFS,9,79,45599,45517,45520,31.5,70
LONG,CFS,11,48778,72237,23455,23459,29.9,48767
LONG,CFS,13,72639,83095,10453,10456,42.3,72626
LONG,CFS,9,81,45013,44929,44932,31.8,72
LONG,CFS,12,48780,55184,6401,6404,48.1,48768
LONG,CFS,13,72641,83743,11099,11102,41.5,72628
LONG,CFS,10,83,48516,48429,48433,28.4,73
LONG,CFS,13,48782,62520,13735,13738,41.7,48769
LONG,CFS,14,72643,92759,20112,20116,26.2,72629
LONG,CFS,10,85,47409,47321,47324,29.9,75
LONG,CFS,13,48784,56470,7683,7686,47.1,48771
LONG,CFS,15,72645,88097,15449,15452,35.8,72630
LONG,CFS,12,87,36281,36191,36194,35.5,75
LONG,CFS,13,48786,71130,22341,22344,32.4,48773
LONG,CFS,15,72647,84275,11625,11628,40.8,72632
LONG,CFS,12,89,47901,47809,47812,29.4,77
LONG,CFS,14,48788,58728,9937,9940,45.4,48774
LONG,CFS,15,72649,92903,20249,20254,25.5,72634
LONG,CFS,13,91,14061,13967,13970,45.2,78
LONG,CFS,15,48790,52894,4101,4104,49.5,48775
LONG,CFS,15,72651,90155,17501,17504,32.8,72636
LONG,CFS,13,93,14999,14903,14906,44.8,80
LONG,CFS,15,48792,69792,20997,21000,34.2,48777
LONG,CFS,16,72653,88957,16301,16304,34.6,72637
LONG,CFS,13,95,48409,48310,48314,28.6,82
LONG,CFS,15,48794,65268,16471,16474,38.9,48779
LONG,CFS,17,72655,78643,5985,5988,47.1,72638
LONG,CFS,14,97,38607,38507,38510,34.8,83
LONG,CFS,16,48796,58734,9935,9938,45.4,48780
LONG,CFS,18,72657,90285,17625,17628,32.6,72639
LONG,CFS,15,99,2625,2523,2526,49.5,84
LONG,CFS,16,48798,70588,21787,21790,33.2,48782
LONG,CFS,18,72659,92142,19480,19483,27.8,72641
LONG,CFS,15,101,13667,13563,13566,45.4,86
LONG,CFS,16,48800,57714,8911,8914,46.2,48784
LONG,CFS,18,72661,87339,14675,14678,36.8,72643
LONG,CFS,16,103,19427,19321,19324,42.6,87
LONG,CFS,16,48802,53578,4773,4776,49.3,48786
LONG,CFS,18,72663,74117,1451,1454,50.0,72645
LONG,CFS,16,105,47995,47887,47890,29.3,89
LONG,CFS,17,48804,72469,23660,23665,29.0,48787
LONG,CFS,18,72665,89723,17055,17058,33.5,72647
LONG,CFS,17,107,43641,43531,43534,32.6,90
LONG,CFS,17,48806,69798,20989,20992,34.2,48789
LONG,CFS,18,72667,76647,3977,3980,49.1,72649
LONG,CFS,17,109,48214,48101,48105,28.9,92
LONG,CFS,17,48808,58816,10005,10008,45.2,48791
LONG,CFS,18,72669,79853,7181,7184,45.7,72651
LONG,CFS,18,111,45163,45049,45052,31.7,93
LONG,CFS,18,48810,64546,15733,15736,39.6,48792
LONG,CFS,18,72671,92672,19998,20001,26.4,72653
LONG,CFS,19,113,38567,38451,38454,34.8,94
LONG,CFS,18,48812,53958,5143,5146,49.0,48794
LONG,CFS,19,72673,81457,8781,8784,44.1,72654
LONG,CFS,19,115,38939,38821,38824,34.6,96
LONG,CFS,18,48814,50760,1943,1946,50.0,48796
LONG,CFS,19,72675,88159,15481,15484,35.7,72656
LONG,CFS,19,117,13107,12987,12990,45.6,98
LONG,CFS,20,48816,71134,22315,22318,32.4,48796
LONG,CFS,19,72677,78249,5569,5572,47.6,72658
LONG,CFS,20,119,21957,21835,21838,41.4,99
LONG,CFS,20,48818,72393,23571,23575,29.3,48798
LONG,CFS,19,72679,91669,18987,18990,28.8,72660
LONG,CFS,20,121,48679,48552,48558,28.0,101
LONG,CFS,20,48820,61032,12209,12212,43.1,48800
LONG,CFS,19,72681,90199,17515,17518,32.7,72662
LONG,MLFQ,0,0,1102,1089,1102,26.7,0
LONG,MLFQ,1,27073,29265,2180,2192,40.5,27072
LONG,MLFQ,2,40385,51704,11305,11319,22.4,40383
LONG,MLFQ,0,22,13339,13300,13317,39.6,22
LONG,MLFQ,1,27095,32152,5044,5057,45.3,27094
LONG,MLFQ,2,40407,46064,5638,5657,42.1,40405
LONG,MLFQ,1,33,25960,25913,25927,29.5,32
LONG,MLFQ,1,27106,37543,10418,10437,36.0,27105
LONG,MLFQ,2,40418,44482,4050,4064,44.3,40416
LONG,MLFQ,1,44,9340,9282,9296,43.0,43
LONG,MLFQ,2,27117,39189,12056,12072,32.2,27115
LONG,MLFQ,3,40429,44493,4043,4064,44.9,40426
LONG,MLFQ,2,55,6096,6021,6041,45.5,53
LONG,MLFQ,2,27128,39682,12538,12554,30.7,27126
LONG,MLFQ,3,40440,47972,7515,7532,37.3,40437
LONG,MLFQ,2,66,23841,23763,23775,31.8,64
LONG,MLFQ,3,27139,37608,10449,10469,35.5,27136
LONG,MLFQ,6,40451,51717,11254,11266,23.3,40445
LONG,MLFQ,2,77,1215,1125,1138,48.7,75
LONG,MLFQ,3,27150,37086,9923,9936,37.0,27147
LONG,MLFQ,6,40462,42358,1877,1896,48.4,40456
LONG,MLFQ,2,88,11996,11894,11908,40.5,86
LONG,MLFQ,5,27161,40356,13177,13195,25.5,27156
LONG,MLFQ,6,40473,42890,2397,2417,47.7,40467
LONG,MLFQ,3,99,26972,26854,26873,25.8,96
LONG,MLFQ,5,27172,33914,6728,6742,42.1,27167
LONG,MLFQ,7,40484,45580,5079,5096,42.3,40477
LONG,MLFQ,3,110,25732,25607,25622,29.8,107
LONG,MLFQ,5,27183,34641,7442,7458,41.3,27178
LONG,MLFQ,7,40495,42390,1875,1895,48.2,40488
LONG,MLFQ,3,121,17278,17139,17157,36.0,118
LONG,MLFQ,5,27194,30750,3536,3556,47.1,27189
LONG,MLFQ,7,40506,46816,6289,6310,39.9,40499
LONG,MLFQ,4,132,20946,20800,20814,34.0,128
LONG,MLFQ,6,27205,33481,6264,6276,43.1,27199
LONG,MLFQ,8,40517,50623,10093,10106,29.2,40509
LONG,MLFQ,4,143,9816,9657,9673,42.4,139
LONG,MLFQ,6,27216,33949,6721,6733,41.8,27210
LONG,MLFQ,9,40528,50017,9468,9489,32.3,40519
LONG,MLFQ,4,154,9425,9253,9271,43.0,150
LONG,MLFQ,6,27227,40384,13141,13157,24.3,27221
LONG,MLFQ,9,40539,51845,11294,11306,21.1,40530
LONG,MLFQ,5,165,1377,1194,1212,48.3,160
LONG,MLFQ,6,27238,38623,11372,11385,33.7,27232
LONG,MLFQ,9,40550,46215,5647,5665,40.7,40541
LONG,MLFQ,5,176,2419,2222,2243,46.7,171
LONG,MLFQ,6,27249,40127,12864,12878,28.4,27243
LONG,MLFQ,10,40561,51292,10712,10731,26.2,40551
LONG,MLFQ,6,187,25441,25238,25254,30.1,181
LONG,MLFQ,7,27260,39756,12478,12496,30.6,27253
LONG,MLFQ,10,40572,49179,8594,8607,34.5,40562
LONG,MLFQ,6,198,27072,26861,26874,24.3,192
LONG,MLFQ,7,27271,39475,12183,12204,31.2,27264
LONG,MLFQ,10,40583,46276,5677,5693,40.6,40573
LONG,MLFQ,6,209,5437,5214,5228,45.3,203
LONG,MLFQ,7,27282,39773,12475,12491,30.0,27275
LONG,MLFQ,10,40594,45276,4670,4682,42.9,40584
LONG,MLFQ,6,220,12848,12608,12628,39.7,214
LONG,MLFQ,8,27293,36353,9046,9060,38.1,27285
LONG,MLFQ,10,40605,50676,10052,10071,29.5,40595
LONG,MLFQ,6,231,20425,20174,20194,34.2,225
LONG,MLFQ,8,27304,39793,12470,12489,29.9,27296
LONG,MLFQ,11,40616,43014,2385,2398,47.3,40605
LONG,MLFQ,6,242,26446,26184,26204,28.1,236
LONG,MLFQ,9,27315,37270,9937,9955,36.5,27306
LONG,MLFQ,11,40627,51759,11113,11132,22.7,40616
LONG,MLFQ,6,253,26047,25774,25794,28.8,247
LONG,MLFQ,9,27326,39991,12647,12665,28.7,27317
LONG,MLFQ,11,40638,50455,9805,9817,30.1,40627
LONG,MLFQ,7,264,24418,24139,24154,31.0,257
LONG,MLFQ,10,27337,39818,12468,12481,30.4,27327
LONG,MLFQ,11,40649,50145,9479,9496,31.4,40638
LONG,MLFQ,7,275,25802,25513,25527,29.5,268
LONG,MLFQ,11,27348,38780,11419,11432,33.5,27337
LONG,MLFQ,12,40660,49746,9067,9086,32.3,40648
LONG,MLFQ,8,286,6750,6449,6464,44.6,278
LONG,MLFQ,11,27359,30429,3055,3070,47.9,27348
LONG,MLFQ,12,40671,43072,2388,2401,47.0,40659
LONG,MLFQ,8,297,23564,23249,23267,31.9,289
LONG,MLFQ,11,27370,35579,8192,8209,39.7,27359
LONG,MLFQ,12,40682,42572,1874,1890,48.0,40670
LONG,MLFQ,9,308,13651,13329,13343,38.9,299
LONG,MLFQ,11,27381,40346,12950,12965,25.8,27370
LONG,MLFQ,12,40693,48398,7687,7705,35.6,40681
LONG,MLFQ,9,319,25215,24880,24896,30.3,310
LONG,MLFQ,11,27392,40157,12747,12765,27.9,27381
LONG,MLFQ,13,40704,46414,5694,5710,40.5,40691
LONG,MLFQ,9,330,24866,24518,24536,30.7,321
LONG,MLFQ,12,27403,30471,3049,3068,47.7,27391
LONG,MLFQ,13,40715,46431,5700,5716,39.6,40702
LONG,MLFQ,10,341,26941,26585,26600,25.8,331
LONG,MLFQ,13,27414,34978,7547,7564,40.9,27401
LONG,MLFQ,14,40726,51766,11023,11040,22.7,40712
LONG,MLFQ,10,352,26084,25718,25732,28.6,342
LONG,MLFQ,13,27425,31843,4404,4418,46.1,27412
LONG,MLFQ,15,40737,48824,8069,8087,34.3,40722
LONG,MLFQ,12,363,20041,19666,19678,34.3,351
LONG,MLFQ,13,27436,39614,12161,12178,31.3,27423
LONG,MLFQ,15,40748,47107,6344,6359,38.6,40733
LONG,MLFQ,12,374,26475,26084,26101,27.8,362
LONG,MLFQ,14,27447,32759,5300,5312,44.2,27433
LONG,MLFQ,15,40759,51853,11076,11094,20.7,40744
LONG,MLFQ,13,385,7659,7257,7274,44.1,372
LONG,MLFQ,15,27458,29995,2523,2537,48.6,27443
LONG,MLFQ,15,40770,50198,9409,9428,31.1,40755
LONG,MLFQ,13,396,8544,8129,8148,43.6,383
LONG,MLFQ,15,27469,38855,11367,11386,33.0,27454
LONG,MLFQ,16,40781,49374,8575,8593,32.9,40765
LONG,MLFQ,13,407,26870,26447,26463,26.2,394
LONG,MLFQ,15,27480,36456,8962,8976,37.3,27465
LONG,MLFQ,17,40792,44203,3395,3411,45.0,40775
LONG,MLFQ,14,418,21392,20958,20974,33.5,404
LONG,MLFQ,16,27491,32816,5313,5325,43.4,27475
LONG,MLFQ,18,40803,50212,9396,9409,30.3,40785
LONG,MLFQ,15,429,1891,1444,1462,48.0,414
LONG,MLFQ,16,27502,39150,11627,11648,31.8,27486
LONG,MLFQ,18,40814,51364,10534,10550,25.1,40796
LONG,MLFQ,15,440,7738,7286,7298,43.8,425
LONG,MLFQ,16,27513,31995,4463,4482,44.7,27497
LONG,MLFQ,18,40825,48936,8099,8111,34.5,40807
LONG,MLFQ,16,451,10991,10521,10540,41.2,435
LONG,MLFQ,16,27524,30072,2527,2548,48.4,27508
LONG,MLFQ,18,40836,41381,528,545,49.0,40818
LONG,MLFQ,16,462,26513,26036,26051,27.4,446
LONG,MLFQ,17,27535,40348,12801,12813,25.2,27518
LONG,MLFQ,18,40847,49874,9010,9027,31.5,40829
LONG,MLFQ,17,473,24105,23611,23632,31.3,456
LONG,MLFQ,17,27546,38908,11343,11362,32.7,27529
LONG,MLFQ,18,40858,43383,2512,2525,46.4,40840
LONG,MLFQ,17,484,26666,26162,26182,26.8,467
LONG,MLFQ,17,27557,32896,5326,5339,43.0,27540
LONG,MLFQ,18,40869,44313,3423,3444,43.8,40851
LONG,MLFQ,18,495,25011,24504,24516,30.3,477
LONG,MLFQ,18,27568,35777,8188,8209,38.0,27550
LONG,MLFQ,18,40880,51689,10793,10809,22.6,40862
LONG,MLFQ,19,506,21441,20920,20935,33.4,487
LONG,MLFQ,18,27579,30608,3014,3029,47.3,27561
LONG,MLFQ,19,40891,45967,5064,5076,41.2,40872
LONG,MLFQ,19,517,21862,21332,21345,33.1,498
LONG,MLFQ,18,27590,29186,1584,1596,49.0,27572
LONG,MLFQ,19,40902,49000,8079,8098,33.5,40883
LONG,MLFQ,19,528,7897,7354,7369,43.9,509
LONG,MLFQ,20,27601,39643,12025,12042,30.5,27581
LONG,MLFQ,19,40913,43493,2559,2580,45.3,40894
LONG,MLFQ,20,539,12321,11766,11782,39.7,519
LONG,MLFQ,20,27612,40297,12667,12685,25.9,27592
LONG,MLFQ,19,40924,51118,10182,10194,26.2,40905
LONG,MLFQ,20,550,27058,26489,26508,24.2,530
LONG,MLFQ,20,27623,34503,6866,6880,40.8,27603
LONG,MLFQ,19,40935,50288,9333,9353,30.3,40916
LONG,RR,0,0,365,352,365,27.7,0
LONG,RR,1,27073,29265,2180,2192,41.5,27072
LONG,RR,2,40385,51704,11305,11319,23.9,40383
LONG,RR,0,22,13339,13300,13317,40.3,22
LONG,RR,1,27095,32152,5044,5057,45.8,27094
LONG,RR,2,40407,46064,5638,5657,42.6,40405
LONG,RR,1,33,25960,25913,25927,30.2,32
LONG,RR,1,27106,37543,10418,10437,36.5,27105
LONG,RR,2,40418,44889,4457,4471,44.8,40416
LONG,RR,1,44,9645,9587,9601,43.6,43
LONG,RR,2,27117,39343,12210,12226,32.7,27115
LONG,RR,3,40429,44478,4028,4049,45.6,40426
LONG,RR,2,55,6140,6065,6085,46.1,53
LONG,RR,2,27128,39803,12659,12675,31.1,27126
LONG,RR,3,40440,47972,7515,7532,37.9,40437
LONG,RR,2,66,24050,23972,23984,32.5,64
LONG,RR,3,27139,37828,10669,10689,36.0,27136
LONG,RR,6,40451,51757,11294,11306,23.9,40445
LONG,RR,2,77,1160,1070,1083,49.3,75
LONG,RR,3,27150,37042,9879,9892,37.5,27147
LONG,RR,6,40462,42639,2158,2177,49.2,40456
LONG,RR,2,88,12321,12219,12233,41.1,86
LONG,RR,5,27161,40356,13177,13195,26.0,27156
LONG,RR,6,40473,43149,2656,2676,48.2,40467
LONG,RR,3,99,26972,26854,26873,26.5,96
LONG,RR,5,27172,34215,7029,7043,42.7,27167
LONG,RR,7,40484,45714,5213,5230,43.0,40477
LONG,RR,3,110,25710,25585,25600,30.6,107
LONG,RR,5,27183,34575,7376,7392,42.0,27178
LONG,RR,7,40495,42671,2156,2176,49.0,40488
LONG,RR,3,121,17542,17403,17421,36.8,118
LONG,RR,5,27194,30882,3668,3688,47.6,27189
LONG,RR,7,40506,46794,6267,6288,40.5,40499
LONG,RR,4,132,21177,21031,21045,34.8,128
LONG,RR,6,27205,33470,6253,6265,43.8,27199
LONG,RR,8,40517,50731,10201,10214,29.8,40509
LONG,RR,4,143,10113,9954,9970,43.1,139
LONG,RR,6,27216,34228,7000,7012,42.5,27210
LONG,RR,9,40528,49995,9446,9467,33.0,40519
LONG,RR,4,154,9322,9150,9168,43.8,150
LONG,RR,6,27227,40384,13141,13157,24.9,27221
LONG,RR,9,40539,51853,11302,11314,21.9,40530
LONG,RR,5,165,1245,1062,1080,49.0,160
LONG,RR,6,27238,38579,11328,11341,34.4,27232
LONG,RR,9,40550,46496,5928,5946,41.4,40541
LONG,RR,5,176,2782,2585,2606,47.3,171
LONG,RR,6,27249,40105,12842,12856,29.1,27243
LONG,RR,10,40561,51270,10690,10709,27.0,40551
LONG,RR,6,187,25408,25205,25221,31.0,181
LONG,RR,7,27260,39717,12439,12457,31.4,27253
LONG,RR,10,40572,49124,8539,8552,35.2,40562
LONG,RR,6,198,27072,26861,26874,25.2,192
LONG,RR,7,27271,39577,12285,12306,31.9,27264
LONG,RR,10,40583,46524,5925,5941,41.3,40573
LONG,RR,6,209,5283,5060,5074,46.2,203
LONG,RR,7,27282,39842,12544,12560,30.8,27275
LONG,RR,10,40594,45419,4813,4825,43.6,40584
LONG,RR,6,220,12749,12509,12529,40.6,214
LONG,RR,8,27293,36265,8958,8972,38.9,27285
LONG,RR,10,40605,50640,10016,10035,30.3,40595
LONG,RR,6,231,20348,20097,20117,35.2,225
LONG,RR,8,27304,39851,12528,12547,30.7,27296
LONG,RR,11,40616,43273,2644,2657,47.8,40605
LONG,RR,6,242,26424,26162,26182,29.0,236
LONG,RR,9,27315,37138,9805,9823,37.2,27306
LONG,RR,11,40627,51777,11131,11150,23.5,40616
LONG,RR,6,253,26124,25851,25871,29.8,247
LONG,RR,9,27326,40035,12691,12709,29.6,27317
LONG,RR,11,40638,50521,9871,9883,30.8,40627
LONG,RR,7,264,24539,24260,24275,32.0,257
LONG,RR,10,27337,39753,12403,12416,31.3,27327
LONG,RR,11,40649,50241,9575,9592,32.1,40638
LONG,RR,7,275,25747,25458,25472,30.5,268
LONG,RR,11,27348,38659,11298,11311,34.3,27337
LONG,RR,12,40660,49856,9177,9196,33.3,40648
LONG,RR,8,286,6794,6493,6508,45.5,278
LONG,RR,11,27359,30555,3181,3196,48.3,27348
LONG,RR,12,40671,42839,2155,2168,48.8,40659
LONG,RR,8,297,23454,23139,23157,32.9,289
LONG,RR,11,27370,35381,7994,8011,40.5,27359
LONG,RR,12,40682,42322,1624,1640,49.5,40670
LONG,RR,9,308,13497,13175,13189,39.9,299
LONG,RR,11,27381,40324,12928,12943,26.7,27370
LONG,RR,12,40693,48387,7676,7694,36.7,40681
LONG,RR,9,319,25127,24792,24808,31.3,310
LONG,RR,11,27392,40124,12714,12732,28.9,27381
LONG,RR,13,40704,46246,5526,5542,41.8,40691
LONG,RR,9,330,24767,24419,24437,31.7,321
LONG,RR,12,27403,30597,3175,3194,48.1,27391
LONG,RR,13,40715,46596,5865,5881,40.9,40702
LONG,RR,10,341,26919,26563,26578,26.8,331
LONG,RR,13,27414,34747,7316,7333,41.6,27401
LONG,RR,14,40726,51744,11001,11018,23.8,40712
LONG,RR,10,352,26139,25773,25787,29.6,342
LONG,RR,13,27425,31546,4107,4121,46.7,27412
LONG,RR,15,40737,48947,8192,8210,35.5,40722
LONG,RR,12,366,20151,19773,19785,35.3,354
LONG,RR,13,27436,39482,12029,12046,32.2,27423
LONG,RR,15,40748,46942,6179,6194,39.9,40733
LONG,RR,12,377,26442,26048,26065,28.9,365
LONG,RR,14,27447,32880,5421,5433,44.8,27433
LONG,RR,15,40759,51851,11074,11092,21.9,40744
LONG,RR,13,388,7807,7402,7419,44.9,375
LONG,RR,15,27458,29632,2160,2174,49.4,27443
LONG,RR,15,40770,50092,9303,9322,32.4,40755
LONG,RR,13,399,8247,7829,7848,44.5,386
LONG,RR,15,27469,38701,11213,11232,34.1,27454
LONG,RR,16,40781,49451,8652,8670,34.2,40765
LONG,RR,13,410,26837,26411,26427,27.3,397
LONG,RR,15,27480,36368,8874,8888,38.5,27465
LONG,RR,17,40792,43884,3076,3092,46.4,40775
LONG,RR,14,421,21326,20889,20905,34.6,407
LONG,RR,16,27491,32904,5401,5413,44.7,27475
LONG,RR,18,40803,50266,9450,9463,31.7,40785
LONG,RR,15,432,1506,1056,1074,48.3,417
LONG,RR,16,27502,39117,11594,11615,33.0,27486
LONG,RR,18,40814,51309,10479,10495,26.4,40796
LONG,RR,15,443,7842,7387,7399,44.8,428
LONG,RR,16,27513,32072,4540,4559,45.9,27497
LONG,RR,18,40825,48741,7904,7916,35.9,40807
LONG,RR,16,454,10705,10232,10251,42.3,438
LONG,RR,16,27524,29698,2153,2174,49.2,27508
LONG,RR,18,40836,41392,539,556,50.0,40818
LONG,RR,16,465,26535,26055,26070,28.5,449
LONG,RR,17,27535,40326,12779,12791,26.4,27518
LONG,RR,18,40847,49918,9054,9071,32.9,40829
LONG,RR,17,476,24004,23507,23528,32.4,459
LONG,RR,17,27546,38732,11167,11186,33.9,27529
LONG,RR,18,40858,42996,2125,2138,48.2,40840
LONG,RR,17,487,26677,26170,26190,28.0,470
LONG,RR,17,27557,32940,5370,5383,44.4,27540
LONG,RR,18,40869,44379,3489,3510,45.2,40851
LONG,RR,18,498,25022,24512,24524,31.4,480
LONG,RR,18,27568,35799,8210,8231,39.4,27550
LONG,RR,18,40880,51700,10804,10820,24.0,40862
LONG,RR,19,509,21375,20851,20866,34.5,490
LONG,RR,18,27579,30253,2659,2674,48.5,27561
LONG,RR,19,40891,45630,4727,4739,42.9,40872
LONG,RR,19,520,21631,21098,21111,34.3,501
LONG,RR,18,27590,28691,1089,1101,50.0,27572
LONG,RR,19,40902,49033,8112,8131,35.1,40883
LONG,RR,19,531,7481,6935,6950,45.1,512
LONG,RR,20,27601,39500,11882,11899,31.8,27581
LONG,RR,19,40913,43526,2592,2613,47.0,40894
LONG,RR,20,542,12273,11715,11731,41.0,522
LONG,RR,20,27612,40253,12623,12641,27.3,27592
LONG,RR,19,40924,51030,10094,10106,27.8,40905
LONG,RR,20,553,27058,26486,26505,25.3,533
LONG,RR,20,27623,34145,6508,6522,42.4,27603
LONG,RR,19,40935,50146,9191,9211,32.0,40916
LONG,SJF,0,0,35,22,35,27.7,0
LONG,SJF,1,26556,26717,149,161,39.3,26555
LONG,SJF,2,39406,48897,9477,9491,3.9,39404
LONG,SJF,0,3250,3575,308,325,30.0,3250
LONG,SJF,1,27145,27246,88,101,40.0,27144
LONG,SJF,2,40562,40691,110,129,33.0,40560
LONG,SJF,1,15276,16126,836,850,12.0,15275
LONG,SJF,1,29912,30195,264,283,24.0,29911
LONG,SJF,2,40013,40104,77,91,38.0,40011
LONG,SJF,1,1370,1582,198,212,37.0,1369
LONG,SJF,2,32166,32534,352,368,17.0,32164
LONG,SJF,3,39925,40012,66,87,39.0,39922
LONG,SJF,2,257,387,110,130,44.0,255
LONG,SJF,2,34452,35249,781,797,11.0,34450
LONG,SJF,3,41421,41614,176,193,27.0,41418
LONG,SJF,2,9001,9728,715,727,20.0,8999
LONG,SJF,3,30196,30491,275,295,23.0,30193
LONG,SJF,6,47968,48431,451,463,5.0,47962
LONG,SJF,2,22,49,14,27,49.3,20
LONG,SJF,3,29395,29650,242,255,26.0,29392
LONG,SJF,6,39546,39587,22,41,46.0,39540
LONG,SJF,2,2330,2619,275,289,33.0,2328
LONG,SJF,5,38380,38882,484,502,2.0,38375
LONG,SJF,6,39678,39731,33,53,43.0,39672
LONG,SJF,3,23444,24453,990,1009,3.0,23441
LONG,SJF,5,28032,28189,143,157,33.0,28027
LONG,SJF,7,40318,40434,99,116,35.0,40311
LONG,SJF,3,14446,15275,814,829,13.0,14443
LONG,SJF,5,28190,28360,154,170,32.0,28185
LONG,SJF,7,39588,39630,22,42,45.0,39581
LONG,SJF,3,3576,4045,451,469,29.0,3573
LONG,SJF,5,26891,26966,55,75,43.0,26886
LONG,SJF,7,41267,41420,132,153,28.0,41260
LONG,SJF,4,5169,5766,583,597,26.0,5165
LONG,SJF,6,27595,27728,121,133,36.0,27589
LONG,SJF,8,45592,45924,319,332,11.0,45584
LONG,SJF,4,1583,1808,209,225,36.0,1579
LONG,SJF,6,27876,28031,143,155,34.0,27870
LONG,SJF,9,44086,44371,264,285,16.0,44077
LONG,SJF,4,1164,1369,187,205,38.0,1160
LONG,SJF,6,38883,39405,506,522,1.0,38877
LONG,SJF,9,49872,50379,495,507,1.0,49863
LONG,SJF,5,50,79,11,29,48.0,45
LONG,SJF,6,30492,31132,627,640,22.0,30486
LONG,SJF,9,40979,41118,121,139,30.0,40970
LONG,SJF,5,99,153,33,54,46.0,94
LONG,SJF,6,36098,36530,418,432,7.0,36092
LONG,SJF,10,46670,47063,374,393,8.0,46660
LONG,SJF,6,12808,13616,792,808,15.0,12802
LONG,SJF,7,34059,34451,374,392,12.0,34052
LONG,SJF,10,42489,42722,220,233,22.0,42479
LONG,SJF,6,25497,26555,1045,1058,1.0,25491
LONG,SJF,7,33286,33670,363,384,14.0,33279
LONG,SJF,10,40692,40961,253,269,32.0,40682
LONG,SJF,6,154,256,88,102,45.0,148
LONG,SJF,7,34463,35266,787,803,10.9,34456
LONG,SJF,10,40105,40304,187,199,37.0,40095
LONG,SJF,6,2620,2926,286,306,32.0,2614
LONG,SJF,8,28936,29379,429,443,28.0,28928
LONG,SJF,10,45264,45591,308,327,12.0,45254
LONG,SJF,6,4598,5168,550,570,27.0,4592
LONG,SJF,8,35267,35671,385,404,9.0,35259
LONG,SJF,11,39631,39677,33,46,44.0,39620
LONG,SJF,6,18755,19655,880,900,8.0,18749
LONG,SJF,9,29651,29911,242,260,25.0,29642
LONG,SJF,11,48898,49368,451,470,3.0,48887
LONG,SJF,6,16989,17856,847,867,10.0,16983
LONG,SJF,9,35672,36097,407,425,8.0,35663
LONG,SJF,11,44954,45263,297,309,13.0,44943
LONG,SJF,7,9729,10481,737,752,19.0,9722
LONG,SJF,10,33671,34058,374,387,13.0,33661
LONG,SJF,11,44661,44953,275,292,14.0,44650
LONG,SJF,7,13617,14445,814,828,14.0,13610
LONG,SJF,11,30503,31146,630,643,21.9,30492
LONG,SJF,12,43244,43516,253,272,19.0,43232
LONG,SJF,8,388,524,121,136,43.0,380
LONG,SJF,11,26767,26826,44,59,45.0,26756
LONG,SJF,12,39463,39531,55,68,48.0,39451
LONG,SJF,8,7574,8274,682,700,22.0,7566
LONG,SJF,11,28533,28726,176,193,30.0,28522
LONG,SJF,12,39435,39462,11,27,49.0,39423
LONG,SJF,9,2927,3249,308,322,31.0,2918
LONG,SJF,11,37902,38379,462,477,3.0,37891
LONG,SJF,12,41615,41820,187,205,26.0,41603
LONG,SJF,9,12021,12807,770,786,16.0,12012
LONG,SJF,11,36531,36967,418,436,6.0,36520
LONG,SJF,13,40435,40561,110,126,34.0,40422
LONG,SJF,9,10482,11248,748,766,18.0,10473
LONG,SJF,12,26827,26890,44,63,44.0,26815
LONG,SJF,13,40703,40978,259,275,31.9,40690
LONG,SJF,10,22460,23443,968,983,4.0,22450
LONG,SJF,13,28361,28532,154,171,31.0,28348
LONG,SJF,14,47510,47967,440,457,6.0,47496
LONG,SJF,10,16127,16988,847,861,11.0,16117
LONG,SJF,13,26967,27047,66,80,42.0,26954
LONG,SJF,15,42032,42259,209,227,24.0,42017
LONG,SJF,12,4046,4597,539,551,28.0,4034
LONG,SJF,13,32535,33267,715,732,16.0,32522
LONG,SJF,15,41119,41266,132,147,29.0,41104
LONG,SJF,12,17857,18754,880,897,9.0,17845
LONG,SJF,14,27247,27468,209,221,39.0,27233
LONG,SJF,15,49369,49871,484,502,2.0,49354
LONG,SJF,13,829,989,143,160,40.0,816
LONG,SJF,15,26591,26627,22,36,49.0,26576
LONG,SJF,15,43517,43800,264,283,18.0,43502
LONG,SJF,13,990,1163,154,173,39.0,977
LONG,SJF,15,31147,31793,627,646,20.0,31132
LONG,SJF,16,42723,42972,231,249,21.0,42707
LONG,SJF,13,21497,22459,946,962,5.0,21484
LONG,SJF,15,28947,29394,433,447,27.9,28932
LONG,SJF,17,39787,39847,44,60,41.0,39770
LONG,SJF,14,6366,6965,583,599,24.0,6352
LONG,SJF,16,27258,27481,211,223,38.8,27242
LONG,SJF,18,44372,44660,275,288,15.0,44354
LONG,SJF,15,61,98,19,37,47.3,46
LONG,SJF,16,31814,32165,330,351,18.0,31798
LONG,SJF,18,46279,46669,374,390,9.0,46261
LONG,SJF,15,673,828,143,155,41.0,658
LONG,SJF,16,27048,27144,77,96,41.0,27032
LONG,SJF,18,41821,42031,198,210,25.0,41803
LONG,SJF,16,1809,2048,220,239,35.0,1793
LONG,SJF,16,26628,26671,22,43,48.0,26612
LONG,SJF,18,39417,39434,0,17,50.0,39399
LONG,SJF,16,19656,20562,891,906,7.0,19640
LONG,SJF,17,37427,37901,462,474,4.0,37410
LONG,SJF,18,42973,43243,253,270,20.0,42955
LONG,SJF,17,8275,9000,704,725,21.0,8258
LONG,SJF,17,31158,31813,636,655,19.9,31141
LONG,SJF,18,39474,39545,58,71,47.6,39456
LONG,SJF,17,20563,21496,913,933,6.0,20546
LONG,SJF,17,27482,27594,99,112,37.0,27465
LONG,SJF,18,39848,39924,55,76,40.0,39830
LONG,SJF,18,11249,12020,759,771,17.0,11231
LONG,SJF,18,28727,28935,187,208,29.0,28709
LONG,SJF,18,47064,47509,429,445,7.0,47046
LONG,SJF,19,5767,6365,583,598,25.0,5748
LONG,SJF,18,26718,26766,33,48,46.0,26700
LONG,SJF,19,40116,40317,189,201,36.8,40097
LONG,SJF,19,6966,7573,594,607,23.0,6947
LONG,SJF,18,26567,26590,11,23,50.0,26549
LONG,SJF,19,42260,42488,209,228,23.0,42241
LONG,SJF,19,525,672,132,147,42.0,506
LONG,SJF,20,32546,33285,722,739,15.9,32526
LONG,SJF,19,39732,39786,33,54,42.0,39713
LONG,SJF,20,2049,2329,264,280,34.0,2029
LONG,SJF,20,36968,37426,440,458,5.0,36948
LONG,SJF,19,45925,46278,341,353,10.0,45906
LONG,SJF,20,24454,25496,1023,1042,2.0,24434
LONG,SJF,20,27729,27875,132,146,35.0,27709
LONG,SJF,19,43801,44085,264,284,17.0,43782
STOL,FCFS,0,0,24,11,24,27.7,0
STOL,FCFS,1,27073,27129,44,56,41.8,27072
STOL,FCFS,2,40385,40861,462,476,48.9,40383
STOL,FCFS,0,51854,52076,209,222,47.7,51854
STOL,FCFS,0,25,361,319,336,49.0,25
STOL,FCFS,1,27130,27242,99,112,49.0,27129
STOL,FCFS,2,40862,41002,121,140,49.0,40860
STOL,FCFS,0,52077,52371,275,294,49.0,52077
STOL,FCFS,1,362,1223,847,861,48.0,361
STOL,FCFS,1,27243,27537,275,294,48.0,27242
STOL,FCFS,2,41003,41105,88,102,48.0,41001
STOL,FCFS,0,52372,52522,132,150,48.0,52372
STOL,FCFS,1,1224,1447,209,223,47.0,1223
STOL,FCFS,2,27538,27917,363,379,47.0,27536
STOL,FCFS,3,41106,41204,77,98,47.0,41103
STOL,FCFS,0,52523,52555,11,32,47.0,52523
STOL,FCFS,2,1448,1589,121,141,46.0,1446
STOL,FCFS,2,27918,28330,396,412,46.0,27916
STOL,FCFS,3,41205,41409,187,204,46.0,41202
STOL,FCFS,1,52556,53006,429,450,46.0,52555
STOL,FCFS,2,1590,2328,726,738,45.0,1588
STOL,FCFS,3,28331,28637,286,306,45.0,28328
STOL,FCFS,6,41410,41884,462,474,45.0,41404
STOL,FCFS,1,53007,53415,396,408,45.0,53006
STOL,FCFS,2,2329,2353,11,24,44.0,2327
STOL,FCFS,3,28638,28904,253,266,44.0,28635
STOL,FCFS,6,41885,41937,33,52,44.0,41879
STOL,FCFS,1,53416,53740,308,324,44.0,53415
STOL,FCFS,2,2354,2654,286,300,43.0,2352
STOL,FCFS,5,28905,29418,495,513,43.0,28900
STOL,FCFS,6,41938,42002,44,64,43.0,41932
STOL,FCFS,1,53741,54162,407,421,43.0,53740
STOL,FCFS,3,2655,3675,1001,1020,42.0,2652
STOL,FCFS,5,29419,29587,154,168,42.0,29414
STOL,FCFS,7,42003,42130,110,127,42.0,41996
STOL,FCFS,1,54163,54588,407,425,42.0,54162
STOL,FCFS,3,3676,4516,825,840,41.0,3673
STOL,FCFS,5,29588,29769,165,181,41.0,29583
STOL,FCFS,7,42131,42184,33,53,41.0,42124
STOL,FCFS,2,54589,54681,77,92,41.0,54587
STOL,FCFS,3,4517,4997,462,480,40.0,4514
STOL,FCFS,5,29770,29856,66,86,40.0,29765
STOL,FCFS,7,42185,42349,143,164,40.0,42178
STOL,FCFS,3,54682,55024,330,342,40.0,54679
STOL,FCFS,4,4998,5606,594,608,39.0,4994
STOL,FCFS,6,29857,30001,132,144,39.0,29851
STOL,FCFS,8,42350,42693,330,343,39.0,42342
STOL,FCFS,3,55025,55108,66,83,39.0,55022
STOL,FCFS,4,5607,5843,220,236,38.0,5603
STOL,FCFS,6,30002,30168,154,166,38.0,29996
STOL,FCFS,9,42694,42990,275,296,38.0,42685
STOL,FCFS,3,55109,55315,187,206,38.0,55106
STOL,FCFS,4,5844,6060,198,216,37.0,5840
STOL,FCFS,6,30169,30702,517,533,37.0,30163
STOL,FCFS,9,42991,43509,506,518,37.0,42982
STOL,FCFS,3,55316,55809,473,493,37.0,55313
STOL,FCFS,5,6061,6090,11,29,36.0,6056
STOL,FCFS,6,30703,31035,319,332,36.0,30697
STOL,FCFS,9,43510,43660,132,150,36.0,43501
STOL,FCFS,4,55810,56262,440,452,36.0,55806
STOL,FCFS,5,6091,6156,44,65,35.0,6086
STOL,FCFS,6,31036,31479,429,443,35.0,31030
STOL,FCFS,10,43661,44065,385,404,35.0,43651
STOL,FCFS,5,56263,56422,143,159,35.0,56258
STOL,FCFS,6,6157,6976,803,819,34.0,6151
STOL,FCFS,7,31480,31883,385,403,34.0,31473
STOL,FCFS,10,44066,44310,231,244,34.0,44056
STOL,FCFS,6,56423,56734,297,311,34.0,56417
STOL,FCFS,6,6977,8046,1056,1069,33.0,6971
STOL,FCFS,7,31884,32279,374,395,33.0,31877
STOL,FCFS,10,44311,44459,132,148,33.0,44301
STOL,FCFS,6,56735,57245,495,510,33.0,56729
STOL,FCFS,6,8047,8160,99,113,32.0,8041
STOL,FCFS,7,32280,32692,396,412,32.0,32273
STOL,FCFS,10,44460,44571,99,111,32.0,44450
STOL,FCFS,6,57246,57559,297,313,32.0,57240
STOL,FCFS,6,8161,8478,297,317,31.0,8155
STOL,FCFS,8,32693,32927,220,234,31.0,32685
STOL,FCFS,10,44572,44910,319,338,31.0,44562
STOL,FCFS,7,57560,57721,143,161,31.0,57553
STOL,FCFS,6,8479,9060,561,581,30.0,8473
STOL,FCFS,8,32928,33343,396,415,30.0,32920
STOL,FCFS,11,44911,44968,44,57,30.0,44900
STOL,FCFS,7,57722,58271,528,549,30.0,57715
STOL,FCFS,6,9061,9972,891,911,29.0,9055
STOL,FCFS,9,33344,33615,253,271,29.0,33335
STOL,FCFS,11,44969,45450,462,481,29.0,44958
STOL,FCFS,7,58272,58703,418,431,29.0,58265
STOL,FCFS,6,9973,10851,858,878,28.0,9967
STOL,FCFS,9,33616,34052,418,436,28.0,33607
STOL,FCFS,11,45451,45771,308,320,28.0,45440
STOL,FCFS,7,58704,59128,407,424,28.0,58697
STOL,FCFS,7,10852,11615,748,763,27.0,10845
STOL,FCFS,10,34053,34451,385,398,27.0,34043
STOL,FCFS,11,45772,46075,286,303,27.0,45761
STOL,FCFS,7,59129,59270,121,141,27.0,59122
STOL,FCFS,7,11616,12455,825,839,26.0,11609
STOL,FCFS,11,34452,34784,319,332,26.0,34441
STOL,FCFS,12,46076,46359,264,283,26.0,46064
STOL,FCFS,7,59271,59297,11,26,26.0,59264
STOL,FCFS,8,12456,12603,132,147,25.0,12448
STOL,FCFS,11,34785,34855,55,70,25.0,34774
STOL,FCFS,12,46360,46406,33,46,25.0,46348
STOL,FCFS,9,59298,59718,407,420,25.0,59289
STOL,FCFS,8,12604,13315,693,711,24.0,12596
STOL,FCFS,11,34856,35060,187,204,24.0,34845
STOL,FCFS,12,46407,46445,22,38,24.0,46395
STOL,FCFS,10,59719,59852,121,133,24.0,59709
STOL,FCFS,9,13316,13649,319,333,23.0,13307
STOL,FCFS,11,35061,35549,473,488,23.0,35050
STOL,FCFS,12,46446,46662,198,216,23.0,46434
STOL,FCFS,10,59853,59883,11,30,23.0,59843
STOL,FCFS,9,13650,14447,781,797,22.0,13641
STOL,FCFS,11,35550,35997,429,447,22.0,35539
STOL,FCFS,13,46663,46800,121,137,22.0,46650
STOL,FCFS,10,59884,60370,473,486,22.0,59874
STOL,FCFS,9,14448,15225,759,777,21.0,14439
STOL,FCFS,12,35998,36072,55,74,21.0,35986
STOL,FCFS,13,46801,46949,132,148,21.0,46788
STOL,FCFS,11,60371,60702,319,331,21.0,60360
STOL,FCFS,10,15226,16220,979,994,20.0,15216
STOL,FCFS,13,36073,36255,165,182,20.0,36060
STOL,FCFS,14,46950,47418,451,468,20.0,46936
STOL,FCFS,11,60703,60979,264,276,20.0,60692
STOL,FCFS,10,16221,17093,858,872,19.0,16211
STOL,FCFS,13,36256,36347,77,91,19.0,36243
STOL,FCFS,15,47419,47657,220,238,19.0,47404
STOL,FCFS,11,60980,61471,473,491,19.0,60969
STOL,FCFS,12,17094,17656,550,562,18.0,17082
STOL,FCFS,13,36348,36728,363,380,18.0,36335
STOL,FCFS,15,47658,47816,143,158,18.0,47643
STOL,FCFS,12,61472,61532,44,60,18.0,61460
STOL,FCFS,12,17657,18565,891,908,17.0,17645
STOL,FCFS,14,36729,36851,110,122,17.0,36715
STOL,FCFS,15,47817,48330,495,513,17.0,47802
STOL,FCFS,12,61533,62056,506,523,17.0,61521
STOL,FCFS,13,18566,18737,154,171,16.0,18553
STOL,FCFS,15,36852,36899,33,47,16.0,36837
STOL,FCFS,15,48331,48625,275,294,16.0,48316
STOL,FCFS,12,62057,62411,341,354,16.0,62045
STOL,FCFS,13,18738,18922,165,184,15.0,18725
STOL,FCFS,15,36900,37238,319,338,15.0,36885
STOL,FCFS,16,48626,48886,242,260,15.0,48610
STOL,FCFS,13,62412,62595,165,183,15.0,62399
STOL,FCFS,13,18923,19896,957,973,14.0,18910
STOL,FCFS,15,37239,37473,220,234,14.0,37224
STOL,FCFS,17,48887,48958,55,71,14.0,48870
STOL,FCFS,13,62596,62691,77,95,14.0,62583
STOL,FCFS,14,19897,20507,594,610,13.0,19883
STOL,FCFS,16,37474,37596,110,122,13.0,37458
STOL,FCFS,18,48959,49258,286,299,13.0,48941
STOL,FCFS,13,62692,62796,88,104,13.0,62679
STOL,FCFS,15,20508,20537,11,29,12.0,20493
STOL,FCFS,16,37597,37959,341,362,12.0,37581
STOL,FCFS,18,49259,49660,385,401,12.0,49241
STOL,FCFS,13,62797,63103,286,306,12.0,62784
STOL,FCFS,15,20538,20704,154,166,11.0,20523
STOL,FCFS,16,37960,38067,88,107,11.0,37944
STOL,FCFS,18,49661,49882,209,221,11.0,49643
STOL,FCFS,14,63104,63487,363,383,11.0,63090
STOL,FCFS,16,20705,20955,231,250,10.0,20689
STOL,FCFS,16,38068,38122,33,54,10.0,38052
STOL,FCFS,18,49883,49900,0,17,10.0,49865
STOL,FCFS,14,63488,63577,77,89,10.0,63474
STOL,FCFS,16,20956,21873,902,917,9.0,20940
STOL,FCFS,17,38123,38608,473,485,9.0,38106
STOL,FCFS,18,49901,50182,264,281,9.0,49883
STOL,FCFS,14,63578,63652,55,74,9.0,63564
STOL,FCFS,17,21874,22610,715,736,8.0,21857
STOL,FCFS,17,38609,38947,319,338,8.0,38592
STOL,FCFS,18,50183,50229,33,46,8.0,50165
STOL,FCFS,16,63653,63938,264,285,8.0,63637
STOL,FCFS,17,22611,23555,924,944,7.0,22594
STOL,FCFS,17,38948,39071,110,123,7.0,38931
STOL,FCFS,18,50230,50317,66,87,7.0,50212
STOL,FCFS,16,63939,64321,363,382,7.0,63923
STOL,FCFS,18,23556,24338,770,782,6.0,23538
STOL,FCFS,18,39072,39291,198,219,6.0,39054
STOL,FCFS,18,50318,50774,440,456,6.0,50300
STOL,FCFS,17,64322,64610,275,288,6.0,64305
STOL,FCFS,19,24339,24948,594,609,5.0,24320
STOL,FCFS,18,39292,39351,44,59,5.0,39274
STOL,FCFS,19,50775,50886,99,111,5.0,50756
STOL,FCFS,17,64611,64668,44,57,5.0,64594
STOL,FCFS,19,24949,25567,605,618,4.0,24930
STOL,FCFS,18,39352,39375,11,23,4.0,39334
STOL,FCFS,19,50887,51126,220,239,4.0,50868
STOL,FCFS,17,64669,64881,198,212,4.0,64652
STOL,FCFS,19,25568,25726,143,158,3.0,25549
STOL,FCFS,20,39376,39756,363,380,3.0,39356
STOL,FCFS,19,51127,51192,44,65,3.0,51108
STOL,FCFS,18,64882,64977,77,95,3.0,64864
STOL,FCFS,20,25727,26018,275,291,2.0,25707
STOL,FCFS,20,39757,40226,451,469,2.0,39737
STOL,FCFS,19,51193,51557,352,364,2.0,51174
STOL,FCFS,20,64978,65003,11,25,2.0,64958
STOL,FCFS,20,26019,27072,1034,1053,1.0,25999
STOL,FCFS,20,40227,40384,143,157,1.0,40207
STOL,FCFS,19,51558,51853,275,295,1.0,51539
STOL,FCFS,20,65004,65140,121,136,1.0,64984
STOL,CFS,0,0,2069,2057,2069,37.8,0
STOL,CFS,1,48699,53596,4885,4897,47.3,48698
STOL,CFS,2,72560,92808,20236,20248,24.7,72558
STOL,CFS,0,92908,108415,15495,15507,37.2,92908
STOL,CFS,0,11,24501,24483,24490,40.0,11
STOL,CFS,1,48710,57970,9253,9260,45.8,48709
STOL,CFS,2,72571,83261,10683,10690,41.9,72569
STOL,CFS,0,92919,111925,18999,19006,35.4,92919
STOL,CFS,1,17,47177,47154,47160,30.1,16
STOL,CFS,1,48716,67998,19276,19282,36.0,48715
STOL,CFS,2,72577,80801,8218,8224,44.7,72575
STOL,CFS,0,92925,104457,11526,11532,42.3,92925
STOL,CFS,1,22,17601,17574,17579,43.5,21
STOL,CFS,2,48721,71072,22346,22351,32.4,48719
STOL,CFS,3,72582,80573,7986,7991,45.0,72579
STOL,CFS,0,92930,95759,2824,2829,49.5,92930
STOL,CFS,2,26,11761,11731,11735,46.0,24
STOL,CFS,2,48725,71856,23127,23131,30.9,48723
STOL,CFS,3,72586,86527,13937,13941,37.7,72583
STOL,CFS,1,92934,116247,23308,23313,29.1,92933
STOL,CFS,2,29,43651,43618,43622,32.5,27
STOL,CFS,3,48728,68510,19778,19782,35.6,48725
STOL,CFS,6,72589,92797,20204,20208,26.0,72583
STOL,CFS,1,92937,115553,22612,22616,30.5,92936
STOL,CFS,2,32,2081,2045,2049,50.0,30
STOL,CFS,3,48731,66744,18009,18013,37.4,48728
STOL,CFS,6,72592,77135,4539,4543,48.8,72586
STOL,CFS,1,92940,113103,20159,20163,34.3,92939
STOL,CFS,2,35,22429,22390,22394,41.2,33
STOL,CFS,5,48734,72533,23791,23799,28.6,48729
STOL,CFS,6,72595,78097,5498,5502,47.8,72589
STOL,CFS,1,92943,115867,22920,22924,30.0,92942
STOL,CFS,3,38,48610,48568,48572,28.2,35
STOL,CFS,5,48737,61656,12915,12919,42.6,48732
STOL,CFS,7,72598,82453,9851,9855,42.9,72591
STOL,CFS,1,92946,115957,23007,23011,29.8,92945
STOL,CFS,3,41,46723,46679,46682,30.6,38
STOL,CFS,5,48740,62426,13683,13686,41.8,48735
STOL,CFS,7,72601,77231,4627,4630,48.7,72594
STOL,CFS,2,92949,100573,7621,7624,46.2,92947
STOL,CFS,3,43,32109,32063,32066,36.8,40
STOL,CFS,5,48742,56096,7351,7354,47.4,48737
STOL,CFS,7,72603,84585,11979,11982,40.3,72596
STOL,CFS,3,92951,113699,20745,20748,33.5,92948
STOL,CFS,4,45,38479,38431,38434,34.8,41
STOL,CFS,6,48744,60138,11391,11394,44.0,48738
STOL,CFS,8,72605,91273,18665,18668,30.0,72597
STOL,CFS,3,92953,99907,6951,6954,46.7,92950
STOL,CFS,4,47,18479,18429,18432,43.2,43
STOL,CFS,6,48746,61526,12777,12780,42.7,48740
STOL,CFS,9,72607,90207,17597,17600,32.8,72598
STOL,CFS,3,92955,107633,14675,14678,39.3,92952
STOL,CFS,4,49,17171,17119,17122,43.8,45
STOL,CFS,6,48748,72559,23801,23811,28.5,48742
STOL,CFS,9,72609,92907,20293,20298,25.5,72600
STOL,CFS,3,92957,116588,23627,23631,28.1,92954
STOL,CFS,5,51,2577,2523,2526,49.6,46
STOL,CFS,6,48750,69528,20775,20778,34.6,48744
STOL,CFS,9,72611,83847,11233,11236,41.4,72602
STOL,CFS,4,92959,116253,23290,23294,29.2,92955
STOL,CFS,5,53,5617,5561,5564,47.6,48
STOL,CFS,6,48752,72213,23458,23461,30.0,48746
STOL,CFS,10,72613,92157,19540,19544,27.8,72603
STOL,CFS,5,92961,105005,12041,12044,41.9,92956
STOL,CFS,6,55,46191,46133,46136,31.0,49
STOL,CFS,7,48754,71686,22929,22932,31.3,48747
STOL,CFS,10,72615,88309,15691,15694,35.6,72605
STOL,CFS,6,92963,112627,19661,19664,34.9,92957
STOL,CFS,6,57,48698,48638,48641,27.9,51
STOL,CFS,7,48756,71512,22753,22756,31.7,48749
STOL,CFS,10,72617,83729,11109,11112,41.6,72607
STOL,CFS,6,92965,116647,23677,23682,27.9,92959
STOL,CFS,6,59,9493,9431,9434,46.5,53
STOL,CFS,7,48758,71864,23103,23106,30.9,48751
STOL,CFS,10,72619,81417,8795,8798,44.2,72609
STOL,CFS,6,92967,112715,19745,19748,34.8,92961
STOL,CFS,6,61,23467,23403,23406,40.7,55
STOL,CFS,8,48760,65248,16485,16488,39.0,48752
STOL,CFS,10,72621,91189,18565,18568,30.3,72611
STOL,CFS,7,92969,105141,12169,12172,41.8,92962
STOL,CFS,6,63,37235,37169,37172,35.2,57
STOL,CFS,8,48762,71911,23146,23149,30.8,48754
STOL,CFS,11,72623,77517,4891,4894,48.4,72612
STOL,CFS,7,92971,116709,23726,23738,27.5,92964
STOL,CFS,6,65,47945,47877,47880,29.3,59
STOL,CFS,9,48764,67012,18245,18248,37.1,48755
STOL,CFS,11,72625,92829,20199,20204,25.9,72614
STOL,CFS,7,92973,116043,23067,23070,29.6,92966
STOL,CFS,6,67,47527,47457,47460,29.7,61
STOL,CFS,9,48766,72130,23360,23364,30.2,48757
STOL,CFS,11,72627,90783,18153,18156,31.3,72616
STOL,CFS,7,92975,115947,22969,22972,29.9,92968
STOL,CFS,7,69,44539,44467,44470,32.1,62
STOL,CFS,10,48768,71572,22801,22804,31.6,48758
STOL,CFS,11,72629,90393,17761,17764,32.3,72618
STOL,CFS,7,92977,103947,10967,10970,43.0,92970
STOL,CFS,7,71,46703,46629,46632,30.6,64
STOL,CFS,11,48770,69544,20771,20774,34.6,48759
STOL,CFS,12,72631,89789,17155,17158,33.4,72619
STOL,CFS,7,92979,95225,2243,2246,50.0,92972
STOL,CFS,8,73,12225,12149,12152,45.9,65
STOL,CFS,11,48772,54824,6049,6052,48.4,48761
STOL,CFS,12,72633,76617,3981,3984,49.2,72621
STOL,CFS,9,92981,115857,22873,22876,30.0,92972
STOL,CFS,8,75,42659,42581,42584,33.0,67
STOL,CFS,11,48774,63716,14939,14942,40.5,48763
STOL,CFS,12,72635,75945,3307,3310,49.5,72623
STOL,CFS,10,92983,103381,10395,10398,43.5,92973
STOL,CFS,9,77,24349,24269,24272,40.2,68
STOL,CFS,11,48776,72481,23700,23705,28.9,48765
STOL,CFS,12,72637,87123,14483,14486,37.0,72625
STOL,CFS,10,92985,95615,2627,2630,49.6,92975
STOL,CFS,9,79,45599,45517,45520,31.5,70
STOL,CFS,11,48778,72237,23455,23459,29.9,48767
STOL,CFS,13,72639,83095,10453,10456,42.3,72626
STOL,CFS,10,92987,116549,23559,23562,28.2,92977
STOL,CFS,9,81,45013,44929,44932,31.8,72
STOL,CFS,12,48780,55184,6401,6404,48.1,48768
STOL,CFS,13,72641,83743,11099,11102,41.5,72628
STOL,CFS,11,92989,113355,20363,20366,34.0,92978
STOL,CFS,10,83,48516,48429,48433,28.4,73
STOL,CFS,13,48782,62520,13735,13738,41.7,48769
STOL,CFS,14,72643,92759,20112,20116,26.2,72629
STOL,CFS,11,92991,111099,18105,18108,36.3,92980
STOL,CFS,10,85,47409,47321,47324,29.9,75
STOL,CFS,13,48784,56470,7683,7686,47.1,48771
STOL,CFS,15,72645,88097,15449,15452,35.8,72630
STOL,CFS,11,92993,116582,23585,23589,28.1,92982
STOL,CFS,12,87,36281,36191,36194,35.5,75
STOL,CFS,13,48786,71130,22341,22344,32.4,48773
STOL,CFS,15,72647,84275,11625,11628,40.8,72632
STOL,CFS,12,92995,98109,5111,5114,47.8,92983
STOL,CFS,12,89,47901,47809,47812,29.4,77
STOL,CFS,14,48788,58728,9937,9940,45.4,48774
STOL,CFS,15,72649,92903,20249,20254,25.5,72634
STOL,CFS,12,92997,116681,23677,23684,27.7,92985
STOL,CFS,13,91,14061,13967,13970,45.2,78
STOL,CFS,15,48790,52894,4101,4104,49.5,48775
STOL,CFS,15,72651,90155,17501,17504,32.8,72636
STOL,CFS,12,92999,114095,21093,21096,32.9,92987
STOL,CFS,13,93,14999,14903,14906,44.8,80
STOL,CFS,15,48792,69792,20997,21000,34.2,48777
STOL,CFS,16,72653,88957,16301,16304,34.6,72637
STOL,CFS,13,93001,106403,13399,13402,40.5,92988
STOL,CFS,13,95,48409,48310,48314,28.6,82
STOL,CFS,15,48794,65268,16471,16474,38.9,48779
STOL,CFS,17,72655,78643,5985,5988,47.1,72638
STOL,CFS,13,93003,100859,7853,7856,45.9,92990
STOL,CFS,14,97,38607,38507,38510,34.8,83
STOL,CFS,16,48796,58734,9935,9938,45.4,48780
STOL,CFS,18,72657,90285,17625,17628,32.6,72639
STOL,CFS,13,93005,101471,8463,8466,45.2,92992
STOL,CFS,15,99,2625,2523,2526,49.5,84
STOL,CFS,16,48798,70588,21787,21790,33.2,48782
STOL,CFS,18,72659,92142,19480,19483,27.8,72641
STOL,CFS,13,93007,112473,19463,19466,35.1,92994
STOL,CFS,15,101,13667,13563,13566,45.4,86
STOL,CFS,16,48800,57714,8911,8914,46.2,48784
STOL,CFS,18,72661,87339,14675,14678,36.8,72643
STOL,CFS,14,93009,114961,21949,21952,31.6,92995
STOL,CFS,16,103,19427,19321,19324,42.6,87
STOL,CFS,16,48802,53578,4773,4776,49.3,48786
STOL,CFS,18,72663,74117,1451,1454,50.0,72645
STOL,CFS,14,93011,100379,7365,7368,46.3,92997
STOL,CFS,16,105,47995,47887,47890,29.3,89
STOL,CFS,17,48804,72469,23660,23665,29.0,48787
STOL,CFS,18,72665,89723,17055,17058,33.5,72647
STOL,CFS,14,93013,99271,6255,6258,47.1,92999
STOL,CFS,17,107,43641,43531,43534,32.6,90
STOL,CFS,17,48806,69798,20989,20992,34.2,48789
STOL,CFS,18,72667,76647,3977,3980,49.1,72649
STOL,CFS,16,93015,111579,18561,18564,35.9,92999
STOL,CFS,17,109,48214,48101,48105,28.9,92
STOL,CFS,17,48808,58816,10005,10008,45.2,48791
STOL,CFS,18,72669,79853,7181,7184,45.7,72651
STOL,CFS,16,93017,114931,21911,21914,31.6,93001
STOL,CFS,18,111,45163,45049,45052,31.7,93
STOL,CFS,18,48810,64546,15733,15736,39.6,48792
STOL,CFS,18,72671,92672,19998,20001,26.4,72653
STOL,CFS,17,93019,111683,18661,18664,35.8,93002
STOL,CFS,19,113,38567,38451,38454,34.8,94
STOL,CFS,18,48812,53958,5143,5146,49.0,48794
STOL,CFS,19,72673,81457,8781,8784,44.1,72654
STOL,CFS,17,93021,97863,4839,4842,48.0,93004
STOL,CFS,19,115,38939,38821,38824,34.6,96
STOL,CFS,18,48814,50760,1943,1946,50.0,48796
STOL,CFS,19,72675,88159,15481,15484,35.7,72656
STOL,CFS,17,93023,107965,14939,14942,39.0,93006
STOL,CFS,19,117,13107,12987,12990,45.6,98
STOL,CFS,20,48816,71134,22315,22318,32.4,48796
STOL,CFS,19,72677,78249,5569,5572,47.6,72658
STOL,CFS,18,93025,100875,7847,7850,45.9,93007
STOL,CFS,20,119,21957,21835,21838,41.4,99
STOL,CFS,20,48818,72393,23571,23575,29.3,48798
STOL,CFS,19,72679,91669,18987,18990,28.8,72660
STOL,CFS,20,93027,95173,2143,2146,50.0,93007
STOL,CFS,20,121,48679,48552,48558,28.0,101
STOL,CFS,20,48820,61032,12209,12212,43.1,48800
STOL,CFS,19,72681,90199,17515,17518,32.7,72662
STOL,CFS,20,93029,103625,10593,10596,43.2,93009
STOL,MLFQ,0,0,1102,1089,1102,26.7,0
STOL,MLFQ,1,27073,29265,2180,2192,40.5,27072
STOL,MLFQ,2,40385,51704,11305,11319,22.4,40383
STOL,MLFQ,0,51854,60201,8334,8347,36.1,51854
STOL,MLFQ,0,22,13339,13300,13317,39.6,22
STOL,MLFQ,1,27095,32152,5044,5057,45.3,27094
STOL,MLFQ,2,40407,46064,5638,5657,42.1,40405
STOL,MLFQ,0,51876,62163,10268,10287,35.6,51876
STOL,MLFQ,1,33,25960,25913,25927,29.5,32
STOL,MLFQ,1,27106,37543,10418,10437,36.0,27105
STOL,MLFQ,2,40418,44482,4050,4064,44.3,40416
STOL,MLFQ,0,51887,57741,5836,5854,42.7,51887
STOL,MLFQ,1,44,9340,9282,9296,43.0,43
STOL,MLFQ,2,27117,39189,12056,12072,32.2,27115
STOL,MLFQ,3,40429,44493,4043,4064,44.9,40426
STOL,MLFQ,0,51898,53030,1111,1132,49.0,51898
STOL,MLFQ,2,55,6096,6021,6041,45.5,53
STOL,MLFQ,2,27128,39682,12538,12554,30.7,27126
STOL,MLFQ,3,40440,47972,7515,7532,37.3,40437
STOL,MLFQ,1,51909,64709,12779,12800,28.7,51908
STOL,MLFQ,2,66,23841,23763,23775,31.8,64
STOL,MLFQ,3,27139,37608,10449,10469,35.5,27136
STOL,MLFQ,6,40451,51717,11254,11266,23.3,40445
STOL,MLFQ,1,51920,64222,12290,12302,30.1,51919
STOL,MLFQ,2,77,1215,1125,1138,48.7,75
STOL,MLFQ,3,27150,37086,9923,9936,37.0,27147
STOL,MLFQ,6,40462,42358,1877,1896,48.4,40456
STOL,MLFQ,1,51931,62732,10785,10801,34.1,51930
STOL,MLFQ,2,88,11996,11894,11908,40.5,86
STOL,MLFQ,5,27161,40356,13177,13195,25.5,27156
STOL,MLFQ,6,40473,42890,2397,2417,47.7,40467
STOL,MLFQ,1,51942,64512,12556,12570,29.6,51941
STOL,MLFQ,3,99,26972,26854,26873,25.8,96
STOL,MLFQ,5,27172,33914,6728,6742,42.1,27167
STOL,MLFQ,7,40484,45580,5079,5096,42.3,40477
STOL,MLFQ,1,51953,64520,12549,12567,29.5,51952
STOL,MLFQ,3,110,25732,25607,25622,29.8,107
STOL,MLFQ,5,27183,34641,7442,7458,41.3,27178
STOL,MLFQ,7,40495,42390,1875,1895,48.2,40488
STOL,MLFQ,2,51964,56125,4146,4161,45.7,51962
STOL,MLFQ,3,121,17278,17139,17157,36.0,118
STOL,MLFQ,5,27194,30750,3536,3556,47.1,27189
STOL,MLFQ,7,40506,46816,6289,6310,39.9,40499
STOL,MLFQ,3,51975,63307,11320,11332,32.9,51972
STOL,MLFQ,4,132,20946,20800,20814,34.0,128
STOL,MLFQ,6,27205,33481,6264,6276,43.1,27199
STOL,MLFQ,8,40517,50623,10093,10106,29.2,40509
STOL,MLFQ,3,51986,55231,3228,3245,46.2,51983
STOL,MLFQ,4,143,9816,9657,9673,42.4,139
STOL,MLFQ,6,27216,33949,6721,6733,41.8,27210
STOL,MLFQ,9,40528,50017,9468,9489,32.3,40519
STOL,MLFQ,3,51997,59923,7907,7926,39.1,51994
STOL,MLFQ,4,154,9425,9253,9271,43.0,150
STOL,MLFQ,6,27227,40384,13141,13157,24.3,27221
STOL,MLFQ,9,40539,51845,11294,11306,21.1,40530
STOL,MLFQ,3,52008,64996,12968,12988,26.2,52005
STOL,MLFQ,5,165,1377,1194,1212,48.3,160
STOL,MLFQ,6,27238,38623,11372,11385,33.7,27232
STOL,MLFQ,9,40550,46215,5647,5665,40.7,40541
STOL,MLFQ,4,52019,64744,12713,12725,27.7,52015
STOL,MLFQ,5,176,2419,2222,2243,46.7,171
STOL,MLFQ,6,27249,40127,12864,12878,28.4,27243
STOL,MLFQ,10,40561,51292,10712,10731,26.2,40551
STOL,MLFQ,5,52030,58622,6576,6592,41.5,52025
STOL,MLFQ,6,187,25441,25238,25254,30.1,181
STOL,MLFQ,7,27260,39756,12478,12496,30.6,27253
STOL,MLFQ,10,40572,49179,8594,8607,34.5,40562
STOL,MLFQ,6,52041,62846,10791,10805,34.2,52035
STOL,MLFQ,6,198,27072,26861,26874,24.3,192
STOL,MLFQ,7,27271,39475,12183,12204,31.2,27264
STOL,MLFQ,10,40583,46276,5677,5693,40.6,40573
STOL,MLFQ,6,52052,65078,13011,13026,25.1,52046
STOL,MLFQ,6,209,5437,5214,5228,45.3,203
STOL,MLFQ,7,27282,39773,12475,12491,30.0,27275
STOL,MLFQ,10,40594,45276,4670,4682,42.9,40584
STOL,MLFQ,6,52063,62874,10795,10811,34.1,52057
STOL,MLFQ,6,220,12848,12608,12628,39.7,214
STOL,MLFQ,8,27293,36353,9046,9060,38.1,27285
STOL,MLFQ,10,40605,50676,10052,10071,29.5,40595
STOL,MLFQ,7,52074,58696,6604,6622,41.4,52067
STOL,MLFQ,6,231,20425,20174,20194,34.2,225
STOL,MLFQ,8,27304,39793,12470,12489,29.9,27296
STOL,MLFQ,11,40616,43014,2385,2398,47.3,40605
STOL,MLFQ,7,52085,65140,13034,13055,23.5,52078
STOL,MLFQ,6,242,26446,26184,26204,28.1,236
STOL,MLFQ,9,27315,37270,9937,9955,36.5,27306
STOL,MLFQ,11,40627,51759,11113,11132,22.7,40616
STOL,MLFQ,7,52096,64622,12513,12526,28.6,52089
STOL,MLFQ,6,253,26047,25774,25794,28.8,247
STOL,MLFQ,9,27326,39991,12647,12665,28.7,27317
STOL,MLFQ,11,40638,50455,9805,9817,30.1,40627
STOL,MLFQ,7,52107,64629,12505,12522,29.0,52100
STOL,MLFQ,7,264,24418,24139,24154,31.0,257
STOL,MLFQ,10,27337,39818,12468,12481,30.4,27327
STOL,MLFQ,11,40649,50145,9479,9496,31.4,40638
STOL,MLFQ,7,52118,58059,5921,5941,42.7,52111
STOL,MLFQ,7,275,25802,25513,25527,29.5,268
STOL,MLFQ,11,27348,38780,11419,11432,33.5,27337
STOL,MLFQ,12,40660,49746,9067,9086,32.3,40648
STOL,MLFQ,7,52129,53475,1331,1346,48.7,52122
STOL,MLFQ,8,286,6750,6449,6464,44.6,278
STOL,MLFQ,11,27359,30429,3055,3070,47.9,27348
STOL,MLFQ,12,40671,43072,2388,2401,47.0,40659
STOL,MLFQ,9,52140,64632,12479,12492,28.9,52131
STOL,MLFQ,8,297,23564,23249,23267,31.9,289
STOL,MLFQ,11,27370,35579,8192,8209,39.7,27359
STOL,MLFQ,12,40682,42572,1874,1890,48.0,40670
STOL,MLFQ,10,52151,58083,5920,5932,42.5,52141
STOL,MLFQ,9,308,13651,13329,13343,38.9,299
STOL,MLFQ,11,27381,40346,12950,12965,25.8,27370
STOL,MLFQ,12,40693,48398,7687,7705,35.6,40681
STOL,MLFQ,10,52162,53528,1347,1366,48.3,52152
STOL,MLFQ,9,319,25215,24880,24896,30.3,310
STOL,MLFQ,11,27392,40157,12747,12765,27.9,27381
STOL,MLFQ,13,40704,46414,5694,5710,40.5,40691
STOL,MLFQ,10,52173,65043,12857,12870,25.6,52163
STOL,MLFQ,9,330,24866,24518,24536,30.7,321
STOL,MLFQ,12,27403,30471,3049,3068,47.7,27391
STOL,MLFQ,13,40715,46431,5700,5716,39.6,40702
STOL,MLFQ,11,52184,63206,11010,11022,32.7,52173
STOL,MLFQ,10,341,26941,26585,26600,25.8,331
STOL,MLFQ,13,27414,34978,7547,7564,40.9,27401
STOL,MLFQ,14,40726,51766,11023,11040,22.7,40712
STOL,MLFQ,11,52195,61978,9771,9783,35.1,52184
STOL,MLFQ,10,352,26084,25718,25732,28.6,342
STOL,MLFQ,13,27425,31843,4404,4418,46.1,27412
STOL,MLFQ,15,40737,48824,8069,8087,34.3,40722
STOL,MLFQ,11,52206,65051,12827,12845,25.5,52195
STOL,MLFQ,12,363,20041,19666,19678,34.3,351
STOL,MLFQ,13,27436,39614,12161,12178,31.3,27423
STOL,MLFQ,15,40748,47107,6344,6359,38.6,40733
STOL,MLFQ,12,52217,54825,2592,2608,46.7,52205
STOL,MLFQ,12,374,26475,26084,26101,27.8,362
STOL,MLFQ,14,27447,32759,5300,5312,44.2,27433
STOL,MLFQ,15,40759,51853,11076,11094,20.7,40744
STOL,MLFQ,12,52228,65118,12873,12890,23.9,52216
STOL,MLFQ,13,385,7659,7257,7274,44.1,372
STOL,MLFQ,15,27458,29995,2523,2537,48.6,27443
STOL,MLFQ,15,40770,50198,9409,9428,31.1,40755
STOL,MLFQ,12,52239,63816,11564,11577,31.5,52227
STOL,MLFQ,13,396,8544,8129,8148,43.6,383
STOL,MLFQ,15,27469,38855,11367,11386,33.0,27454
STOL,MLFQ,16,40781,49374,8575,8593,32.9,40765
STOL,MLFQ,13,52250,59606,7338,7356,39.5,52237
STOL,MLFQ,13,407,26870,26447,26463,26.2,394
STOL,MLFQ,15,27480,36456,8962,8976,37.3,27465
STOL,MLFQ,17,40792,44203,3395,3411,45.0,40775
STOL,MLFQ,13,52261,56617,4338,4356,44.8,52248
STOL,MLFQ,14,418,21392,20958,20974,33.5,404
STOL,MLFQ,16,27491,32816,5313,5325,43.4,27475
STOL,MLFQ,18,40803,50212,9396,9409,30.3,40785
STOL,MLFQ,13,52272,56634,4346,4362,44.1,52259
STOL,MLFQ,15,429,1891,1444,1462,48.0,414
STOL,MLFQ,16,27502,39150,11627,11648,31.8,27486
STOL,MLFQ,18,40814,51364,10534,10550,25.1,40796
STOL,MLFQ,13,52283,62624,10321,10341,33.9,52270
STOL,MLFQ,15,440,7738,7286,7298,43.8,425
STOL,MLFQ,16,27513,31995,4463,4482,44.7,27497
STOL,MLFQ,18,40825,48936,8099,8111,34.5,40807
STOL,MLFQ,14,52294,64178,11864,11884,30.3,52280
STOL,MLFQ,16,451,10991,10521,10540,41.2,435
STOL,MLFQ,16,27524,30072,2527,2548,48.4,27508
STOL,MLFQ,18,40836,41381,528,545,49.0,40818
STOL,MLFQ,14,52305,56680,4363,4375,44.6,52291
STOL,MLFQ,16,462,26513,26036,26051,27.4,446
STOL,MLFQ,17,27535,40348,12801,12813,25.2,27518
STOL,MLFQ,18,40847,49874,9010,9027,31.5,40829
STOL,MLFQ,14,52316,55812,3477,3496,45.9,52302
STOL,MLFQ,17,473,24105,23611,23632,31.3,456
STOL,MLFQ,17,27546,38908,11343,11362,32.7,27529
STOL,MLFQ,18,40858,43383,2512,2525,46.4,40840
STOL,MLFQ,16,52327,62110,9762,9783,34.6,52311
STOL,MLFQ,17,484,26666,26162,26182,26.8,467
STOL,MLFQ,17,27557,32896,5326,5339,43.0,27540
STOL,MLFQ,18,40869,44313,3423,3444,43.8,40851
STOL,MLFQ,16,52338,64187,11830,11849,30.1,52322
STOL,MLFQ,18,495,25011,24504,24516,30.3,477
STOL,MLFQ,18,27568,35777,8188,8209,38.0,27550
STOL,MLFQ,18,40880,51689,10793,10809,22.6,40862
STOL,MLFQ,17,52349,62671,10309,10322,34.1,52332
STOL,MLFQ,19,506,21441,20920,20935,33.4,487
STOL,MLFQ,18,27579,30608,3014,3029,47.3,27561
STOL,MLFQ,19,40891,45967,5064,5076,41.2,40872
STOL,MLFQ,17,52360,54960,2587,2600,46.5,52343
STOL,MLFQ,19,517,21862,21332,21345,33.1,498
STOL,MLFQ,18,27590,29186,1584,1596,49.0,27572
STOL,MLFQ,19,40902,49000,8079,8098,33.5,40883
STOL,MLFQ,17,52371,60491,8106,8120,37.2,52354
STOL,MLFQ,19,528,7897,7354,7369,43.9,509
STOL,MLFQ,20,27601,39643,12025,12042,30.5,27581
STOL,MLFQ,19,40913,43493,2559,2580,45.3,40894
STOL,MLFQ,18,52382,56776,4376,4394,44.1,52364
STOL,MLFQ,20,539,12321,11766,11782,39.7,519
STOL,MLFQ,20,27612,40297,12667,12685,25.9,27592
STOL,MLFQ,19,40924,51118,10182,10194,26.2,40905
STOL,MLFQ,20,52393,53972,1565,1579,48.0,52373
STOL,MLFQ,20,550,27058,26489,26508,24.2,530
STOL,MLFQ,20,27623,34503,6866,6880,40.8,27603
STOL,MLFQ,19,40935,50288,9333,9353,30.3,40916
STOL,MLFQ,20,52404,58374,5955,5970,41.2,52384
STOL,RR,0,0,365,352,365,27.7,0
STOL,RR,1,27073,29265,2180,2192,41.5,27072
STOL,RR,2,40385,51704,11305,11319,23.9,40383
STOL,RR,0,51854,60080,8213,8226,37.4,51854
STOL,RR,0,22,13339,13300,13317,40.3,22
STOL,RR,1,27095,32152,5044,5057,45.8,27094
STOL,RR,2,40407,46064,5638,5657,42.6,40405
STOL,RR,0,51876,62163,10268,10287,35.9,51876
STOL,RR,1,33,25960,25913,25927,30.2,32
STOL,RR,1,27106,37543,10418,10437,36.5,27105
STOL,RR,2,40418,44889,4457,4471,44.8,40416
STOL,RR,0,51887,58044,6139,6157,42.9,51887
STOL,RR,1,44,9645,9587,9601,43.6,43
STOL,RR,2,27117,39343,12210,12226,32.7,27115
STOL,RR,3,40429,44478,4028,4049,45.6,40426
STOL,RR,0,51898,53008,1089,1110,50.0,51898
STOL,RR,2,55,6140,6065,6085,46.1,53
STOL,RR,2,27128,39803,12659,12675,31.1,27126
STOL,RR,3,40440,47972,7515,7532,37.9,40437
STOL,RR,1,51909,64709,12779,12800,29.0,51908
STOL,RR,2,66,24050,23972,23984,32.5,64
STOL,RR,3,27139,37828,10669,10689,36.0,27136
STOL,RR,6,40451,51757,11294,11306,23.9,40445
STOL,RR,1,51920,64354,12422,12434,30.5,51919
STOL,RR,2,77,1160,1070,1083,49.3,75
STOL,RR,3,27150,37042,9879,9892,37.5,27147
STOL,RR,6,40462,42639,2158,2177,49.2,40456
STOL,RR,1,51931,62929,10982,10998,34.4,51930
STOL,RR,2,88,12321,12219,12233,41.1,86
STOL,RR,5,27161,40356,13177,13195,26.0,27156
STOL,RR,6,40473,43149,2656,2676,48.2,40467
STOL,RR,1,51942,64501,12545,12559,30.0,51941
STOL,RR,3,99,26972,26854,26873,26.5,96
STOL,RR,5,27172,34215,7029,7043,42.7,27167
STOL,RR,7,40484,45714,5213,5230,43.0,40477
STOL,RR,1,51953,64509,12538,12556,30.0,51952
STOL,RR,3,110,25710,25585,25600,30.6,107
STOL,RR,5,27183,34575,7376,7392,42.0,27178
STOL,RR,7,40495,42671,2156,2176,49.0,40488
STOL,RR,2,51964,56048,4069,4084,46.2,51962
STOL,RR,3,121,17542,17403,17421,36.8,118
STOL,RR,5,27194,30882,3668,3688,47.6,27189
STOL,RR,7,40506,46794,6267,6288,40.5,40499
STOL,RR,3,51975,63362,11375,11387,33.3,51972
STOL,RR,4,132,21177,21031,21045,34.8,128
STOL,RR,6,27205,33470,6253,6265,43.8,27199
STOL,RR,8,40517,50731,10201,10214,29.8,40509
STOL,RR,3,51986,55603,3600,3617,46.8,51983
STOL,RR,4,143,10113,9954,9970,43.1,139
STOL,RR,6,27216,34228,7000,7012,42.5,27210
STOL,RR,9,40528,49995,9446,9467,33.0,40519
STOL,RR,3,51997,59846,7830,7849,39.5,51994
STOL,RR,4,154,9322,9150,9168,43.8,150
STOL,RR,6,27227,40384,13141,13157,24.9,27221
STOL,RR,9,40539,51853,11302,11314,21.9,40530
STOL,RR,3,52008,64996,12968,12988,26.8,52005
STOL,RR,5,165,1245,1062,1080,49.0,160
STOL,RR,6,27238,38579,11328,11341,34.4,27232
STOL,RR,9,40550,46496,5928,5946,41.4,40541
STOL,RR,4,52019,64799,12768,12780,28.3,52015
STOL,RR,5,176,2782,2585,2606,47.3,171
STOL,RR,6,27249,40105,12842,12856,29.1,27243
STOL,RR,10,40561,51270,10690,10709,27.0,40551
STOL,RR,5,52030,58512,6466,6482,41.9,52025
STOL,RR,6,187,25408,25205,25221,31.0,181
STOL,RR,7,27260,39717,12439,12457,31.4,27253
STOL,RR,10,40572,49124,8539,8552,35.2,40562
STOL,RR,6,52041,62763,10708,10722,34.8,52035
STOL,RR,6,198,27072,26861,26874,25.2,192
STOL,RR,7,27271,39577,12285,12306,31.9,27264
STOL,RR,10,40583,46524,5925,5941,41.3,40573
STOL,RR,6,52052,65078,13011,13026,25.7,52046
STOL,RR,6,209,5283,5060,5074,46.2,203
STOL,RR,7,27282,39842,12544,12560,30.8,27275
STOL,RR,10,40594,45419,4813,4825,43.6,40584
STOL,RR,6,52063,62780,10701,10717,34.7,52057
STOL,RR,6,220,12749,12509,12529,40.6,214
STOL,RR,8,27293,36265,8958,8972,38.9,27285
STOL,RR,10,40605,50640,10016,10035,30.3,40595
STOL,RR,7,52074,58553,6461,6479,41.9,52067
STOL,RR,6,231,20348,20097,20117,35.2,225
STOL,RR,8,27304,39851,12528,12547,30.7,27296
STOL,RR,11,40616,43273,2644,2657,47.8,40605
STOL,RR,7,52085,65140,13034,13055,24.2,52078
STOL,RR,6,242,26424,26162,26182,29.0,236
STOL,RR,9,27315,37138,9805,9823,37.2,27306
STOL,RR,11,40627,51777,11131,11150,23.5,40616
STOL,RR,7,52096,64665,12556,12569,29.2,52089
STOL,RR,6,253,26124,25851,25871,29.8,247
STOL,RR,9,27326,40035,12691,12709,29.6,27317
STOL,RR,11,40638,50521,9871,9883,30.8,40627
STOL,RR,7,52107,64571,12447,12464,29.8,52100
STOL,RR,7,264,24539,24260,24275,32.0,257
STOL,RR,10,27337,39753,12403,12416,31.3,27327
STOL,RR,11,40649,50241,9575,9592,32.1,40638
STOL,RR,7,52118,57853,5715,5735,43.3,52111
STOL,RR,7,275,25747,25458,25472,30.5,268
STOL,RR,11,27348,38659,11298,11311,34.3,27337
STOL,RR,12,40660,49856,9177,9196,33.3,40648
STOL,RR,7,52129,53233,1089,1104,49.7,52122
STOL,RR,8,286,6794,6493,6508,45.5,278
STOL,RR,11,27359,30555,3181,3196,48.3,27348
STOL,RR,12,40671,42839,2155,2168,48.8,40659
STOL,RR,9,52140,64574,12421,12434,29.7,52131
STOL,RR,8,297,23454,23139,23157,32.9,289
STOL,RR,11,27370,35381,7994,8011,40.5,27359
STOL,RR,12,40682,42322,1624,1640,49.5,40670
STOL,RR,10,52151,57866,5703,5715,43.2,52141
STOL,RR,9,308,13497,13175,13189,39.9,299
STOL,RR,11,27381,40324,12928,12943,26.7,27370
STOL,RR,12,40693,48387,7676,7694,36.7,40681
STOL,RR,10,52162,53264,1083,1102,49.3,52152
STOL,RR,9,319,25127,24792,24808,31.3,310
STOL,RR,11,27392,40124,12714,12732,28.9,27381
STOL,RR,13,40704,46246,5526,5542,41.8,40691
STOL,RR,10,52173,65021,12835,12848,26.5,52163
STOL,RR,9,330,24767,24419,24437,31.7,321
STOL,RR,12,27403,30597,3175,3194,48.1,27391
STOL,RR,13,40715,46596,5865,5881,40.9,40702
STOL,RR,11,52184,63261,11065,11077,33.5,52173
STOL,RR,10,341,26919,26563,26578,26.8,331
STOL,RR,13,27414,34747,7316,7333,41.6,27401
STOL,RR,14,40726,51744,11001,11018,23.8,40712
STOL,RR,11,52195,62066,9859,9871,35.9,52184
STOL,RR,10,352,26139,25773,25787,29.6,342
STOL,RR,13,27425,31546,4107,4121,46.7,27412
STOL,RR,15,40737,48947,8192,8210,35.5,40722
STOL,RR,11,52206,65029,12805,12823,26.4,52195
STOL,RR,12,366,20151,19773,19785,35.3,354
STOL,RR,13,27436,39482,12029,12046,32.2,27423
STOL,RR,15,40748,46942,6179,6194,39.9,40733
STOL,RR,12,52217,54836,2603,2619,47.5,52205
STOL,RR,12,377,26442,26048,26065,28.9,365
STOL,RR,14,27447,32880,5421,5433,44.8,27433
STOL,RR,15,40759,51851,11074,11092,21.9,40744
STOL,RR,12,52228,65118,12873,12890,24.9,52216
STOL,RR,13,388,7807,7402,7419,44.9,375
STOL,RR,15,27458,29632,2160,2174,49.4,27443
STOL,RR,15,40770,50092,9303,9322,32.4,40755
STOL,RR,12,52239,63662,11410,11423,32.4,52227
STOL,RR,13,399,8247,7829,7848,44.5,386
STOL,RR,15,27469,38701,11213,11232,34.1,27454
STOL,RR,16,40781,49451,8652,8670,34.2,40765
STOL,RR,13,52250,59353,7085,7103,40.2,52237
STOL,RR,13,410,26837,26411,26427,27.3,397
STOL,RR,15,27480,36368,8874,8888,38.5,27465
STOL,RR,17,40792,43884,3076,3092,46.4,40775
STOL,RR,13,52261,56298,4019,4037,45.7,52248
STOL,RR,14,421,21326,20889,20905,34.6,407
STOL,RR,16,27491,32904,5401,5413,44.7,27475
STOL,RR,18,40803,50266,9450,9463,31.7,40785
STOL,RR,13,52272,56732,4444,4460,44.8,52259
STOL,RR,15,432,1506,1056,1074,48.3,417
STOL,RR,16,27502,39117,11594,11615,33.0,27486
STOL,RR,18,40814,51309,10479,10495,26.4,40796
STOL,RR,13,52283,62649,10346,10366,34.9,52270
STOL,RR,15,443,7842,7387,7399,44.8,428
STOL,RR,16,27513,32072,4540,4559,45.9,27497
STOL,RR,18,40825,48741,7904,7916,35.9,40807
STOL,RR,14,52294,64024,11710,11730,31.3,52280
STOL,RR,16,454,10705,10232,10251,42.3,438
STOL,RR,16,27524,29698,2153,2174,49.2,27508
STOL,RR,18,40836,41392,539,556,50.0,40818
STOL,RR,14,52305,56333,4016,4028,45.6,52291
STOL,RR,16,465,26535,26055,26070,28.5,449
STOL,RR,17,27535,40326,12779,12791,26.4,27518
STOL,RR,18,40847,49918,9054,9071,32.9,40829
STOL,RR,14,52316,55420,3085,3104,46.9,52302
STOL,RR,17,476,24004,23507,23528,32.4,459
STOL,RR,17,27546,38732,11167,11186,33.9,27529
STOL,RR,18,40858,42996,2125,2138,48.2,40840
STOL,RR,16,52327,62132,9784,9805,35.7,52311
STOL,RR,17,487,26677,26170,26190,28.0,470
STOL,RR,17,27557,32940,5370,5383,44.4,27540
STOL,RR,18,40869,44379,3489,3510,45.2,40851
STOL,RR,16,52338,64033,11676,11695,31.2,52322
STOL,RR,18,498,25022,24512,24524,31.4,480
STOL,RR,18,27568,35799,8210,8231,39.4,27550
STOL,RR,18,40880,51700,10804,10820,24.0,40862
STOL,RR,17,52349,62419,10057,10070,35.2,52332
STOL,RR,19,509,21375,20851,20866,34.5,490
STOL,RR,18,27579,30253,2659,2674,48.5,27561
STOL,RR,19,40891,45630,4727,4739,42.9,40872
STOL,RR,17,52360,54971,2598,2611,47.3,52343
STOL,RR,19,520,21631,21098,21111,34.3,501
STOL,RR,18,27590,28691,1089,1101,50.0,27572
STOL,RR,19,40902,49033,8112,8131,35.1,40883
STOL,RR,17,52371,60381,7996,8010,38.2,52354
STOL,RR,19,531,7481,6935,6950,45.1,512
STOL,RR,20,27601,39500,11882,11899,31.8,27581
STOL,RR,19,40913,43526,2592,2613,47.0,40894
STOL,RR,18,52382,56385,3985,4003,45.2,52364
STOL,RR,20,542,12273,11715,11731,41.0,522
STOL,RR,20,27612,40253,12623,12641,27.3,27592
STOL,RR,19,40924,51030,10094,10106,27.8,40905
STOL,RR,20,52393,53488,1081,1095,49.0,52373
STOL,RR,20,553,27058,26486,26505,25.3,533
STOL,RR,20,27623,34145,6508,6522,42.4,27603
STOL,RR,19,40935,50146,9191,9211,32.0,40916
STOL,RR,20,52404,58014,5595,5610,42.4,52384
STOL,SJF,0,0,35,22,35,27.7,0
STOL,SJF,1,26556,26717,149,161,39.3,26555
STOL,SJF,2,39406,48897,9477,9491,3.9,39404
STOL,SJF,0,50380,52747,2354,2367,26.7,50380
STOL,SJF,0,3250,3575,308,325,30.0,3250
STOL,SJF,1,27145,27246,88,101,40.0,27144
STOL,SJF,2,40562,40691,110,129,33.0,40560
STOL,SJF,0,53567,53850,264,283,24.0,53567
STOL,SJF,1,15276,16126,836,850,12.0,15275
STOL,SJF,1,29912,30195,264,283,24.0,29911
STOL,SJF,2,40013,40104,77,91,38.0,40011
STOL,SJF,0,51525,51664,121,139,34.0,51525
STOL,SJF,1,1370,1582,198,212,37.0,1369
STOL,SJF,2,32166,32534,352,368,17.0,32164
STOL,SJF,3,39925,40012,66,87,39.0,39922
STOL,SJF,0,50453,50474,0,21,47.0,50453
STOL,SJF,2,257,387,110,130,44.0,255
STOL,SJF,2,34452,35249,781,797,11.0,34450
STOL,SJF,3,41421,41614,176,193,27.0,41418
STOL,SJF,1,59276,59715,418,439,8.0,59275
STOL,SJF,2,9001,9728,715,727,20.0,8999
STOL,SJF,3,30196,30491,275,295,23.0,30193
STOL,SJF,6,47968,48431,451,463,5.0,47962
STOL,SJF,1,56807,57204,385,397,14.0,56806
STOL,SJF,2,22,49,14,27,49.3,20
STOL,SJF,3,29395,29650,242,255,26.0,29392
STOL,SJF,6,39546,39587,22,41,46.0,39540
STOL,SJF,1,54751,55064,297,313,20.0,54750
STOL,SJF,2,2330,2619,275,289,33.0,2328
STOL,SJF,5,38380,38882,484,502,2.0,38375
STOL,SJF,6,39678,39731,33,53,43.0,39672
STOL,SJF,1,57615,58025,396,410,12.0,57614
STOL,SJF,3,23444,24453,990,1009,3.0,23441
STOL,SJF,5,28032,28189,143,157,33.0,28027
STOL,SJF,7,40318,40434,99,116,35.0,40311
STOL,SJF,1,58440,58854,396,414,10.0,58439
STOL,SJF,3,14446,15275,814,829,13.0,14443
STOL,SJF,5,28190,28360,154,170,32.0,28185
STOL,SJF,7,39588,39630,22,42,45.0,39581
STOL,SJF,2,50788,50869,66,81,41.0,50786
STOL,SJF,3,3576,4045,451,469,29.0,3573
STOL,SJF,5,26891,26966,55,75,43.0,26886
STOL,SJF,7,41267,41420,132,153,28.0,41260
STOL,SJF,3,55386,55717,319,331,18.0,55383
STOL,SJF,4,5169,5766,583,597,26.0,5165
STOL,SJF,6,27595,27728,121,133,36.0,27589
STOL,SJF,8,45592,45924,319,332,11.0,45584
STOL,SJF,3,50636,50708,55,72,43.0,50633
STOL,SJF,4,1583,1808,209,225,36.0,1579
STOL,SJF,6,27876,28031,143,155,34.0,27870
STOL,SJF,9,44086,44371,264,285,16.0,44077
STOL,SJF,3,52138,52333,176,195,30.0,52135
STOL,SJF,4,1164,1369,187,205,38.0,1160
STOL,SJF,6,38883,39405,506,522,1.0,38877
STOL,SJF,9,49872,50379,495,507,1.0,49863
STOL,SJF,3,61115,61597,462,482,4.0,61112
STOL,SJF,5,50,79,11,29,48.0,45
STOL,SJF,6,30492,31132,627,640,22.0,30486
STOL,SJF,9,40979,41118,121,139,30.0,40970
STOL,SJF,4,59716,60157,429,441,7.0,59712
STOL,SJF,5,99,153,33,54,46.0,94
STOL,SJF,6,36098,36530,418,432,7.0,36092
STOL,SJF,10,46670,47063,374,393,8.0,46660
STOL,SJF,5,51665,51813,132,148,33.0,51660
STOL,SJF,6,12808,13616,792,808,15.0,12802
STOL,SJF,7,34059,34451,374,392,12.0,34052
STOL,SJF,10,42489,42722,220,233,22.0,42479
STOL,SJF,6,54147,54447,286,300,22.0,54141
STOL,SJF,6,25497,26555,1045,1058,1.0,25491
STOL,SJF,7,33286,33670,363,384,14.0,33279
STOL,SJF,10,40692,40961,253,269,32.0,40682
STOL,SJF,6,61598,62097,484,499,3.0,61592
STOL,SJF,6,154,256,88,102,45.0,148
STOL,SJF,7,34463,35266,787,803,10.9,34456
STOL,SJF,10,40105,40304,187,199,37.0,40095
STOL,SJF,6,54448,54750,286,302,21.0,54442
STOL,SJF,6,2620,2926,286,306,32.0,2614
STOL,SJF,8,28936,29379,429,443,28.0,28928
STOL,SJF,10,45264,45591,308,327,12.0,45254
STOL,SJF,7,51814,51964,132,150,32.0,51807
STOL,SJF,6,4598,5168,550,570,27.0,4592
STOL,SJF,8,35267,35671,385,404,9.0,35259
STOL,SJF,11,39631,39677,33,46,44.0,39620
STOL,SJF,7,62611,63149,517,538,1.0,62604
STOL,SJF,6,18755,19655,880,900,8.0,18749
STOL,SJF,9,29651,29911,242,260,25.0,29642
STOL,SJF,11,48898,49368,451,470,3.0,48887
STOL,SJF,7,58855,59275,407,420,9.0,58848
STOL,SJF,6,16989,17856,847,867,10.0,16983
STOL,SJF,9,35672,36097,407,425,8.0,35663
STOL,SJF,11,44954,45263,297,309,13.0,44943
STOL,SJF,7,58026,58439,396,413,11.0,58019
STOL,SJF,7,9729,10481,737,752,19.0,9722
STOL,SJF,10,33671,34058,374,387,13.0,33661
STOL,SJF,11,44661,44953,275,292,14.0,44650
STOL,SJF,7,51394,51524,110,130,35.0,51387
STOL,SJF,7,13617,14445,814,828,14.0,13610
STOL,SJF,11,30503,31146,630,643,21.9,30492
STOL,SJF,12,43244,43516,253,272,19.0,43232
STOL,SJF,7,50417,50432,0,15,49.0,50410
STOL,SJF,8,388,524,121,136,43.0,380
STOL,SJF,11,26767,26826,44,59,45.0,26756
STOL,SJF,12,39463,39531,55,68,48.0,39451
STOL,SJF,9,57205,57614,396,409,13.0,57196
STOL,SJF,8,7574,8274,682,700,22.0,7566
STOL,SJF,11,28533,28726,176,193,30.0,28522
STOL,SJF,12,39435,39462,11,27,49.0,39423
STOL,SJF,10,51145,51267,110,122,37.0,51135
STOL,SJF,9,2927,3249,308,322,31.0,2918
STOL,SJF,11,37902,38379,462,477,3.0,37891
STOL,SJF,12,41615,41820,187,205,26.0,41603
STOL,SJF,10,50433,50452,0,19,48.0,50423
STOL,SJF,9,12021,12807,770,786,16.0,12012
STOL,SJF,11,36531,36967,418,436,6.0,36520
STOL,SJF,13,40435,40561,110,126,34.0,40422
STOL,SJF,10,60158,60633,462,475,6.0,60148
STOL,SJF,9,10482,11248,748,766,18.0,10473
STOL,SJF,12,26827,26890,44,63,44.0,26815
STOL,SJF,13,40703,40978,259,275,31.9,40690
STOL,SJF,11,55065,55385,308,320,19.0,55054
STOL,SJF,10,22460,23443,968,983,4.0,22450
STOL,SJF,13,28361,28532,154,171,31.0,28348
STOL,SJF,14,47510,47967,440,457,6.0,47496
STOL,SJF,11,52748,53013,253,265,27.0,52737
STOL,SJF,10,16127,16988,847,861,11.0,16117
STOL,SJF,13,26967,27047,66,80,42.0,26954
STOL,SJF,15,42032,42259,209,227,24.0,42017
STOL,SJF,11,60634,61114,462,480,5.0,60623
STOL,SJF,12,4046,4597,539,551,28.0,4034
STOL,SJF,13,32535,33267,715,732,16.0,32522
STOL,SJF,15,41119,41266,132,147,29.0,41104
STOL,SJF,12,50522,50571,33,49,45.0,50510
STOL,SJF,12,17857,18754,880,897,9.0,17845
STOL,SJF,14,27247,27468,209,221,39.0,27233
STOL,SJF,15,49369,49871,484,502,2.0,49354
STOL,SJF,12,62098,62610,495,512,2.0,62086
STOL,SJF,13,829,989,143,160,40.0,816
STOL,SJF,15,26591,26627,22,36,49.0,26576
STOL,SJF,15,43517,43800,264,283,18.0,43502
STOL,SJF,12,55718,56061,330,343,17.0,55706
STOL,SJF,13,990,1163,154,173,39.0,977
STOL,SJF,15,31147,31793,627,646,20.0,31132
STOL,SJF,16,42723,42972,231,249,21.0,42707
STOL,SJF,13,51965,52137,154,172,31.0,51952
STOL,SJF,13,21497,22459,946,962,5.0,21484
STOL,SJF,15,28947,29394,433,447,27.9,28932
STOL,SJF,17,39787,39847,44,60,41.0,39770
STOL,SJF,13,50870,51031,143,161,40.0,50857
STOL,SJF,14,6366,6965,583,599,24.0,6352
STOL,SJF,16,27258,27481,211,223,38.8,27242
STOL,SJF,18,44372,44660,275,288,15.0,44354
STOL,SJF,13,51051,51144,77,93,38.0,51038
STOL,SJF,15,61,98,19,37,47.3,46
STOL,SJF,16,31814,32165,330,351,18.0,31798
STOL,SJF,18,46279,46669,374,390,9.0,46261
STOL,SJF,13,53851,54146,275,295,23.0,53838
STOL,SJF,15,673,828,143,155,41.0,658
STOL,SJF,16,27048,27144,77,96,41.0,27032
STOL,SJF,18,41821,42031,198,210,25.0,41803
STOL,SJF,14,56434,56806,352,372,15.0,56420
STOL,SJF,16,1809,2048,220,239,35.0,1793
STOL,SJF,16,26628,26671,22,43,48.0,26612
STOL,SJF,18,39417,39434,0,17,50.0,39399
STOL,SJF,14,50709,50787,66,78,42.0,50695
STOL,SJF,16,19656,20562,891,906,7.0,19640
STOL,SJF,17,37427,37901,462,474,4.0,37410
STOL,SJF,18,42973,43243,253,270,20.0,42955
STOL,SJF,14,50572,50635,44,63,44.0,50558
STOL,SJF,17,8275,9000,704,725,21.0,8258
STOL,SJF,17,31158,31813,636,655,19.9,31141
STOL,SJF,18,39474,39545,58,71,47.6,39456
STOL,SJF,16,53014,53288,253,274,26.0,52998
STOL,SJF,17,20563,21496,913,933,6.0,20546
STOL,SJF,17,27482,27594,99,112,37.0,27465
STOL,SJF,18,39848,39924,55,76,40.0,39830
STOL,SJF,16,56062,56433,352,371,16.0,56046
STOL,SJF,18,11249,12020,759,771,17.0,11231
STOL,SJF,18,28727,28935,187,208,29.0,28709
STOL,SJF,18,47064,47509,429,445,7.0,47046
STOL,SJF,17,53289,53566,264,277,25.0,53272
STOL,SJF,19,5767,6365,583,598,25.0,5748
STOL,SJF,18,26718,26766,33,48,46.0,26700
STOL,SJF,19,40116,40317,189,201,36.8,40097
STOL,SJF,17,50475,50521,33,46,46.0,50458
STOL,SJF,19,6966,7573,594,607,23.0,6947
STOL,SJF,18,26567,26590,11,23,50.0,26549
STOL,SJF,19,42260,42488,209,228,23.0,42241
STOL,SJF,17,52334,52535,187,201,29.0,52317
STOL,SJF,19,525,672,132,147,42.0,506
STOL,SJF,20,32546,33285,722,739,15.9,32526
STOL,SJF,19,39732,39786,33,54,42.0,39713
STOL,SJF,18,50881,51050,151,169,39.8,50863
STOL,SJF,20,2049,2329,264,280,34.0,2029
STOL,SJF,20,36968,37426,440,458,5.0,36948
STOL,SJF,19,45925,46278,341,353,10.0,45906
STOL,SJF,20,50391,50416,11,25,50.0,50371
STOL,SJF,20,24454,25496,1023,1042,2.0,24434
STOL,SJF,20,27729,27875,132,146,35.0,27709
STOL,SJF,19,43801,44085,264,284,17.0,43782
STOL,SJF,20,51268,51393,110,125,36.0,51248
LTOS,FCFS,0,0,24,11,24,27.7,0
LTOS,FCFS,1,27073,27129,44,56,41.8,27072
LTOS,FCFS,2,40385,40861,462,476,48.9,40383
LTOS,FCFS,0,51854,52076,209,222,47.7,51854
LTOS,FCFS,0,65141,65354,198,213,47.5,65141
LTOS,FCFS,0,25,361,319,336,49.0,25
LTOS,FCFS,1,27130,27242,99,112,49.0,27129
LTOS,FCFS,2,40862,41002,121,140,49.0,40860
LTOS,FCFS,0,52077,52371,275,294,49.0,52077
LTOS,FCFS,0,65355,65429,55,74,49.0,65355
LTOS,FCFS,1,362,1223,847,861,48.0,361
LTOS,FCFS,1,27243,27537,275,294,48.0,27242
LTOS,FCFS,2,41003,41105,88,102,48.0,41001
LTOS,FCFS,0,52372,52522,132,150,48.0,52372
LTOS,FCFS,1,65430,65798,352,368,48.0,65429
LTOS,FCFS,1,1224,1447,209,223,47.0,1223
LTOS,FCFS,2,27538,27917,363,379,47.0,27536
LTOS,FCFS,3,41106,41204,77,98,47.0,41103
LTOS,FCFS,0,52523,52555,11,32,47.0,52523
LTOS,FCFS,1,65799,65979,165,180,47.0,65798
LTOS,FCFS,2,1448,1589,121,141,46.0,1446
LTOS,FCFS,2,27918,28330,396,412,46.0,27916
LTOS,FCFS,3,41205,41409,187,204,46.0,41202
LTOS,FCFS,1,52556,53006,429,450,46.0,52555
LTOS,FCFS,1,65980,66324,330,344,46.0,65979
LTOS,FCFS,2,1590,2328,726,738,45.0,1588
LTOS,FCFS,3,28331,28637,286,306,45.0,28328
LTOS,FCFS,6,41410,41884,462,474,45.0,41404
LTOS,FCFS,1,53007,53415,396,408,45.0,53006
LTOS,FCFS,1,66325,66598,253,273,45.0,66324
LTOS,FCFS,2,2329,2353,11,24,44.0,2327
LTOS,FCFS,3,28638,28904,253,266,44.0,28635
LTOS,FCFS,6,41885,41937,33,52,44.0,41879
LTOS,FCFS,1,53416,53740,308,324,44.0,53415
LTOS,FCFS,1,66599,66771,154,172,44.0,66598
LTOS,FCFS,2,2354,2654,286,300,43.0,2352
LTOS,FCFS,5,28905,29418,495,513,43.0,28900
LTOS,FCFS,6,41938,42002,44,64,43.0,41932
LTOS,FCFS,1,53741,54162,407,421,43.0,53740
LTOS,FCFS,1,66772,67000,209,228,43.0,66771
LTOS,FCFS,3,2655,3675,1001,1020,42.0,2652
LTOS,FCFS,5,29419,29587,154,168,42.0,29414
LTOS,FCFS,7,42003,42130,110,127,42.0,41996
LTOS,FCFS,1,54163,54588,407,425,42.0,54162
LTOS,FCFS,1,67001,67446,429,445,42.0,67000
LTOS,FCFS,3,3676,4516,825,840,41.0,3673
LTOS,FCFS,5,29588,29769,165,181,41.0,29583
LTOS,FCFS,7,42131,42184,33,53,41.0,42124
LTOS,FCFS,2,54589,54681,77,92,41.0,54587
LTOS,FCFS,2,67447,67864,396,417,41.0,67445
LTOS,FCFS,3,4517,4997,462,480,40.0,4514
LTOS,FCFS,5,29770,29856,66,86,40.0,29765
LTOS,FCFS,7,42185,42349,143,164,40.0,42178
LTOS,FCFS,3,54682,55024,330,342,40.0,54679
LTOS,FCFS,2,67865,67912,33,47,40.0,67863
LTOS,FCFS,4,4998,5606,594,608,39.0,4994
LTOS,FCFS,6,29857,30001,132,144,39.0,29851
LTOS,FCFS,8,42350,42693,330,343,39.0,42342
LTOS,FCFS,3,55025,55108,66,83,39.0,55022
LTOS,FCFS,2,67913,67936,11,23,39.0,67911
LTOS,FCFS,4,5607,5843,220,236,38.0,5603
LTOS,FCFS,6,30002,30168,154,166,38.0,29996
LTOS,FCFS,9,42694,42990,275,296,38.0,42685
LTOS,FCFS,3,55109,55315,187,206,38.0,55106
LTOS,FCFS,3,67937,68020,66,83,38.0,67934
LTOS,FCFS,4,5844,6060,198,216,37.0,5840
LTOS,FCFS,6,30169,30702,517,533,37.0,30163
LTOS,FCFS,9,42991,43509,506,518,37.0,42982
LTOS,FCFS,3,55316,55809,473,493,37.0,55313
LTOS,FCFS,4,68021,68556,517,535,37.0,68017
LTOS,FCFS,5,6061,6090,11,29,36.0,6056
LTOS,FCFS,6,30703,31035,319,332,36.0,30697
LTOS,FCFS,9,43510,43660,132,150,36.0,43501
LTOS,FCFS,4,55810,56262,440,452,36.0,55806
LTOS,FCFS,5,68557,68803,231,246,36.0,68552
LTOS,FCFS,5,6091,6156,44,65,35.0,6086
LTOS,FCFS,6,31036,31479,429,443,35.0,31030
LTOS,FCFS,10,43661,44065,385,404,35.0,43651
LTOS,FCFS,5,56263,56422,143,159,35.0,56258
LTOS,FCFS,5,68804,69226,407,422,35.0,68799
LTOS,FCFS,6,6157,6976,803,819,34.0,6151
LTOS,FCFS,7,31480,31883,385,403,34.0,31473
LTOS,FCFS,10,44066,44310,231,244,34.0,44056
LTOS,FCFS,6,56423,56734,297,311,34.0,56417
LTOS,FCFS,5,69227,69279,33,52,34.0,69222
LTOS,FCFS,6,6977,8046,1056,1069,33.0,6971
LTOS,FCFS,7,31884,32279,374,395,33.0,31877
LTOS,FCFS,10,44311,44459,132,148,33.0,44301
LTOS,FCFS,6,56735,57245,495,510,33.0,56729
LTOS,FCFS,5,69280,69439,143,159,33.0,69275
LTOS,FCFS,6,8047,8160,99,113,32.0,8041
LTOS,FCFS,7,32280,32692,396,412,32.0,32273
LTOS,FCFS,10,44460,44571,99,111,32.0,44450
LTOS,FCFS,6,57246,57559,297,313,32.0,57240
LTOS,FCFS,5,69440,69911,451,471,32.0,69435
LTOS,FCFS,6,8161,8478,297,317,31.0,8155
LTOS,FCFS,8,32693,32927,220,234,31.0,32685
LTOS,FCFS,10,44572,44910,319,338,31.0,44562
LTOS,FCFS,7,57560,57721,143,161,31.0,57553
LTOS,FCFS,6,69912,70144,220,232,31.0,69906
LTOS,FCFS,6,8479,9060,561,581,30.0,8473
LTOS,FCFS,8,32928,33343,396,415,30.0,32920
LTOS,FCFS,11,44911,44968,44,57,30.0,44900
LTOS,FCFS,7,57722,58271,528,549,30.0,57715
LTOS,FCFS,7,70145,70371,209,226,30.0,70138
LTOS,FCFS,6,9061,9972,891,911,29.0,9055
LTOS,FCFS,9,33344,33615,253,271,29.0,33335
LTOS,FCFS,11,44969,45450,462,481,29.0,44958
LTOS,FCFS,7,58272,58703,418,431,29.0,58265
LTOS,FCFS,7,70372,70858,473,486,29.0,70365
LTOS,FCFS,6,9973,10851,858,878,28.0,9967
LTOS,FCFS,9,33616,34052,418,436,28.0,33607
LTOS,FCFS,11,45451,45771,308,320,28.0,45440
LTOS,FCFS,7,58704,59128,407,424,28.0,58697
LTOS,FCFS,7,70859,70918,44,59,28.0,70852
LTOS,FCFS,7,10852,11615,748,763,27.0,10845
LTOS,FCFS,10,34053,34451,385,398,27.0,34043
LTOS,FCFS,11,45772,46075,286,303,27.0,45761
LTOS,FCFS,7,59129,59270,121,141,27.0,59122
LTOS,FCFS,7,70919,71461,528,542,27.0,70912
LTOS,FCFS,7,11616,12455,825,839,26.0,11609
LTOS,FCFS,11,34452,34784,319,332,26.0,34441
LTOS,FCFS,12,46076,46359,264,283,26.0,46064
LTOS,FCFS,7,59271,59297,11,26,26.0,59264
LTOS,FCFS,8,71462,71685,209,223,26.0,71454
LTOS,FCFS,8,12456,12603,132,147,25.0,12448
LTOS,FCFS,11,34785,34855,55,70,25.0,34774
LTOS,FCFS,12,46360,46406,33,46,25.0,46348
LTOS,FCFS,9,59298,59718,407,420,25.0,59289
LTOS,FCFS,8,71686,71855,154,169,25.0,71678
LTOS,FCFS,8,12604,13315,693,711,24.0,12596
LTOS,FCFS,11,34856,35060,187,204,24.0,34845
LTOS,FCFS,12,46407,46445,22,38,24.0,46395
LTOS,FCFS,10,59719,59852,121,133,24.0,59709
LTOS,FCFS,9,71856,72057,187,201,24.0,71847
LTOS,FCFS,9,13316,13649,319,333,23.0,13307
LTOS,FCFS,11,35061,35549,473,488,23.0,35050
LTOS,FCFS,12,46446,46662,198,216,23.0,46434
LTOS,FCFS,10,59853,59883,11,30,23.0,59843
LTOS,FCFS,10,72058,72506,429,448,23.0,72048
LTOS,FCFS,9,13650,14447,781,797,22.0,13641
LTOS,FCFS,11,35550,35997,429,447,22.0,35539
LTOS,FCFS,13,46663,46800,121,137,22.0,46650
LTOS,FCFS,10,59884,60370,473,486,22.0,59874
LTOS,FCFS,11,72507,72730,209,223,22.0,72496
LTOS,FCFS,9,14448,15225,759,777,21.0,14439
LTOS,FCFS,12,35998,36072,55,74,21.0,35986
LTOS,FCFS,13,46801,46949,132,148,21.0,46788
LTOS,FCFS,11,60371,60702,319,331,21.0,60360
LTOS,FCFS,11,72731,73024,275,293,21.0,72720
LTOS,FCFS,10,15226,16220,979,994,20.0,15216
LTOS,FCFS,13,36073,36255,165,182,20.0,36060
LTOS,FCFS,14,46950,47418,451,468,20.0,46936
LTOS,FCFS,11,60703,60979,264,276,20.0,60692
LTOS,FCFS,12,73025,73326,286,301,20.0,73013
LTOS,FCFS,10,16221,17093,858,872,19.0,16211
LTOS,FCFS,13,36256,36347,77,91,19.0,36243
LTOS,FCFS,15,47419,47657,220,238,19.0,47404
LTOS,FCFS,11,60980,61471,473,491,19.0,60969
LTOS,FCFS,12,73327,73731,385,404,19.0,73315
LTOS,FCFS,12,17094,17656,550,562,18.0,17082
LTOS,FCFS,13,36348,36728,363,380,18.0,36335
LTOS,FCFS,15,47658,47816,143,158,18.0,47643
LTOS,FCFS,12,61472,61532,44,60,18.0,61460
LTOS,FCFS,13,73732,73755,11,23,18.0,73719
LTOS,FCFS,12,17657,18565,891,908,17.0,17645
LTOS,FCFS,14,36729,36851,110,122,17.0,36715
LTOS,FCFS,15,47817,48330,495,513,17.0,47802
LTOS,FCFS,12,61533,62056,506,523,17.0,61521
LTOS,FCFS,13,73756,74091,319,335,17.0,73743
LTOS,FCFS,13,18566,18737,154,171,16.0,18553
LTOS,FCFS,15,36852,36899,33,47,16.0,36837
LTOS,FCFS,15,48331,48625,275,294,16.0,48316
LTOS,FCFS,12,62057,62411,341,354,16.0,62045
LTOS,FCFS,14,74092,74137,33,45,16.0,74078
LTOS,FCFS,13,18738,18922,165,184,15.0,18725
LTOS,FCFS,15,36900,37238,319,338,15.0,36885
LTOS,FCFS,16,48626,48886,242,260,15.0,48610
LTOS,FCFS,13,62412,62595,165,183,15.0,62399
LTOS,FCFS,14,74138,74340,187,202,15.0,74124
LTOS,FCFS,13,18923,19896,957,973,14.0,18910
LTOS,FCFS,15,37239,37473,220,234,14.0,37224
LTOS,FCFS,17,48887,48958,55,71,14.0,48870
LTOS,FCFS,13,62596,62691,77,95,14.0,62583
LTOS,FCFS,15,74341,74828,473,487,14.0,74326
LTOS,FCFS,14,19897,20507,594,610,13.0,19883
LTOS,FCFS,16,37474,37596,110,122,13.0,37458
LTOS,FCFS,18,48959,49258,286,299,13.0,48941
LTOS,FCFS,13,62692,62796,88,104,13.0,62679
LTOS,FCFS,16,74829,75200,352,371,13.0,74813
LTOS,FCFS,15,20508,20537,11,29,12.0,20493
LTOS,FCFS,16,37597,37959,341,362,12.0,37581
LTOS,FCFS,18,49259,49660,385,401,12.0,49241
LTOS,FCFS,13,62797,63103,286,306,12.0,62784
LTOS,FCFS,16,75201,75517,297,316,12.0,75185
LTOS,FCFS,15,20538,20704,154,166,11.0,20523
LTOS,FCFS,16,37960,38067,88,107,11.0,37944
LTOS,FCFS,18,49661,49882,209,221,11.0,49643
LTOS,FCFS,14,63104,63487,363,383,11.0,63090
LTOS,FCFS,16,75518,75927,396,409,11.0,75502
LTOS,FCFS,16,20705,20955,231,250,10.0,20689
LTOS,FCFS,16,38068,38122,33,54,10.0,38052
LTOS,FCFS,18,49883,49900,0,17,10.0,49865
LTOS,FCFS,14,63488,63577,77,89,10.0,63474
LTOS,FCFS,16,75928,76351,407,423,10.0,75912
LTOS,FCFS,16,20956,21873,902,917,9.0,20940
LTOS,FCFS,17,38123,38608,473,485,9.0,38106
LTOS,FCFS,18,49901,50182,264,281,9.0,49883
LTOS,FCFS,14,63578,63652,55,74,9.0,63564
LTOS,FCFS,17,76352,76783,418,431,9.0,76335
LTOS,FCFS,17,21874,22610,715,736,8.0,21857
LTOS,FCFS,17,38609,38947,319,338,8.0,38592
LTOS,FCFS,18,50183,50229,33,46,8.0,50165
LTOS,FCFS,16,63653,63938,264,285,8.0,63637
LTOS,FCFS,17,76784,76830,33,46,8.0,76767
LTOS,FCFS,17,22611,23555,924,944,7.0,22594
LTOS,FCFS,17,38948,39071,110,123,7.0,38931
LTOS,FCFS,18,50230,50317,66,87,7.0,50212
LTOS,FCFS,16,63939,64321,363,382,7.0,63923
LTOS,FCFS,17,76831,77098,253,267,7.0,76814
LTOS,FCFS,18,23556,24338,770,782,6.0,23538
LTOS,FCFS,18,39072,39291,198,219,6.0,39054
LTOS,FCFS,18,50318,50774,440,456,6.0,50300
LTOS,FCFS,17,64322,64610,275,288,6.0,64305
LTOS,FCFS,18,77099,77282,165,183,6.0,77081
LTOS,FCFS,19,24339,24948,594,609,5.0,24320
LTOS,FCFS,18,39292,39351,44,59,5.0,39274
LTOS,FCFS,19,50775,50886,99,111,5.0,50756
LTOS,FCFS,17,64611,64668,44,57,5.0,64594
LTOS,FCFS,18,77283,77531,231,248,5.0,77265
LTOS,FCFS,19,24949,25567,605,618,4.0,24930
LTOS,FCFS,18,39352,39375,11,23,4.0,39334
LTOS,FCFS,19,50887,51126,220,239,4.0,50868
LTOS,FCFS,17,64669,64881,198,212,4.0,64652
LTOS,FCFS,18,77532,77848,297,316,4.0,77514
LTOS,FCFS,19,25568,25726,143,158,3.0,25549
LTOS,FCFS,20,39376,39756,363,380,3.0,39356
LTOS,FCFS,19,51127,51192,44,65,3.0,51108
LTOS,FCFS,18,64882,64977,77,95,3.0,64864
LTOS,FCFS,20,77849,78302,440,453,3.0,77829
LTOS,FCFS,20,25727,26018,275,291,2.0,25707
LTOS,FCFS,20,39757,40226,451,469,2.0,39737
LTOS,FCFS,19,51193,51557,352,364,2.0,51174
LTOS,FCFS,20,64978,65003,11,25,2.0,64958
LTOS,FCFS,20,78303,78587,264,284,2.0,78283
LTOS,FCFS,20,26019,27072,1034,1053,1.0,25999
LTOS,FCFS,20,40227,40384,143,157,1.0,40207
LTOS,FCFS,19,51558,51853,275,295,1.0,51539
LTOS,FCFS,20,65004,65140,121,136,1.0,64984
LTOS,FCFS,20,78588,78814,209,226,1.0,78568
LTOS,CFS,0,0,2069,2057,2069,37.8,0
LTOS,CFS,1,48699,53596,4885,4897,47.3,48698
LTOS,CFS,2,72560,92808,20236,20248,24.7,72558
LTOS,CFS,0,92908,108415,15495,15507,37.2,92908
LTOS,CFS,0,116710,132939,16217,16229,41.0,116710
LTOS,CFS,0,11,24501,24483,24490,40.0,11
LTOS,CFS,1,48710,57970,9253,9260,45.8,48709
LTOS,CFS,2,72571,83261,10683,10690,41.9,72569
LTOS,CFS,0,92919,111925,18999,19006,35.4,92919
LTOS,CFS,0,116721,122983,6255,6262,46.8,116721
LTOS,CFS,1,17,47177,47154,47160,30.1,16
LTOS,CFS,1,48716,67998,19276,19282,36.0,48715
LTOS,CFS,2,72577,80801,8218,8224,44.7,72575
LTOS,CFS,0,92925,104457,11526,11532,42.3,92925
LTOS,CFS,1,116727,139237,22504,22510,33.6,116726
LTOS,CFS,1,22,17601,17574,17579,43.5,21
LTOS,CFS,2,48721,71072,22346,22351,32.4,48719
LTOS,CFS,3,72582,80573,7986,7991,45.0,72579
LTOS,CFS,0,92930,95759,2824,2829,49.5,92930
LTOS,CFS,1,116732,130811,14074,14079,43.2,116731
LTOS,CFS,2,26,11761,11731,11735,46.0,24
LTOS,CFS,2,48725,71856,23127,23131,30.9,48723
LTOS,CFS,3,72586,86527,13937,13941,37.7,72583
LTOS,CFS,1,92934,116247,23308,23313,29.1,92933
LTOS,CFS,1,116736,138533,21793,21797,34.9,116735
LTOS,CFS,2,29,43651,43618,43622,32.5,27
LTOS,CFS,3,48728,68510,19778,19782,35.6,48725
LTOS,CFS,6,72589,92797,20204,20208,26.0,72583
LTOS,CFS,1,92937,115553,22612,22616,30.5,92936
LTOS,CFS,1,116739,135971,19228,19232,38.8,116738
LTOS,CFS,2,32,2081,2045,2049,50.0,30
LTOS,CFS,3,48731,66744,18009,18013,37.4,48728
LTOS,CFS,6,72592,77135,4539,4543,48.8,72586
LTOS,CFS,1,92940,113103,20159,20163,34.3,92939
LTOS,CFS,1,116742,130283,13537,13541,43.5,116741
LTOS,CFS,2,35,22429,22390,22394,41.2,33
LTOS,CFS,5,48734,72533,23791,23799,28.6,48729
LTOS,CFS,6,72595,78097,5498,5502,47.8,72589
LTOS,CFS,1,92943,115867,22920,22924,30.0,92942
LTOS,CFS,1,116745,133851,17102,17106,41.3,116744
LTOS,CFS,3,38,48610,48568,48572,28.2,35
LTOS,CFS,5,48737,61656,12915,12919,42.6,48732
LTOS,CFS,7,72598,82453,9851,9855,42.9,72591
LTOS,CFS,1,92946,115957,23007,23011,29.8,92945
LTOS,CFS,1,116748,140847,24095,24099,30.4,116747
LTOS,CFS,3,41,46723,46679,46682,30.6,38
LTOS,CFS,5,48740,62426,13683,13686,41.8,48735
LTOS,CFS,7,72601,77231,4627,4630,48.7,72594
LTOS,CFS,2,92949,100573,7621,7624,46.2,92947
LTOS,CFS,2,116751,140473,23719,23722,31.3,116749
LTOS,CFS,3,43,32109,32063,32066,36.8,40
LTOS,CFS,5,48742,56096,7351,7354,47.4,48737
LTOS,CFS,7,72603,84585,11979,11982,40.3,72596
LTOS,CFS,3,92951,113699,20745,20748,33.5,92948
LTOS,CFS,2,116753,120813,4057,4060,48.9,116751
LTOS,CFS,4,45,38479,38431,38434,34.8,41
LTOS,CFS,6,48744,60138,11391,11394,44.0,48738
LTOS,CFS,8,72605,91273,18665,18668,30.0,72597
LTOS,CFS,3,92953,99907,6951,6954,46.7,92950
LTOS,CFS,2,116755,118701,1943,1946,50.0,116753
LTOS,CFS,4,47,18479,18429,18432,43.2,43
LTOS,CFS,6,48746,61526,12777,12780,42.7,48740
LTOS,CFS,9,72607,90207,17597,17600,32.8,72598
LTOS,CFS,3,92955,107633,14675,14678,39.3,92952
LTOS,CFS,3,116757,123673,6913,6916,46.4,116754
LTOS,CFS,4,49,17171,17119,17122,43.8,45
LTOS,CFS,6,48748,72559,23801,23811,28.5,48742
LTOS,CFS,9,72609,92907,20293,20298,25.5,72600
LTOS,CFS,3,92957,116588,23627,23631,28.1,92954
LTOS,CFS,4,116759,141231,24466,24472,28.8,116755
LTOS,CFS,5,51,2577,2523,2526,49.6,46
LTOS,CFS,6,48750,69528,20775,20778,34.6,48744
LTOS,CFS,9,72611,83847,11233,11236,41.4,72602
LTOS,CFS,4,92959,116253,23290,23294,29.2,92955
LTOS,CFS,5,116761,134731,17967,17970,40.4,116756
LTOS,CFS,5,53,5617,5561,5564,47.6,48
LTOS,CFS,6,48752,72213,23458,23461,30.0,48746
LTOS,CFS,10,72613,92157,19540,19544,27.8,72603
LTOS,CFS,5,92961,105005,12041,12044,41.9,92956
LTOS,CFS,5,116763,140565,23799,23802,31.1,116758
LTOS,CFS,6,55,46191,46133,46136,31.0,49
LTOS,CFS,7,48754,71686,22929,22932,31.3,48747
LTOS,CFS,10,72615,88309,15691,15694,35.6,72605
LTOS,CFS,6,92963,112627,19661,19664,34.9,92957
LTOS,CFS,5,116765,121273,4505,4508,48.5,116760
LTOS,CFS,6,57,48698,48638,48641,27.9,51
LTOS,CFS,7,48756,71512,22753,22756,31.7,48749
LTOS,CFS,10,72617,83729,11109,11112,41.6,72607
LTOS,CFS,6,92965,116647,23677,23682,27.9,92959
LTOS,CFS,5,116767,129339,12569,12572,43.8,116762
LTOS,CFS,6,59,9493,9431,9434,46.5,53
LTOS,CFS,7,48758,71864,23103,23106,30.9,48751
LTOS,CFS,10,72619,81417,8795,8798,44.2,72609
LTOS,CFS,6,92967,112715,19745,19748,34.8,92961
LTOS,CFS,5,116769,141049,24277,24280,29.7,116764
LTOS,CFS,6,61,23467,23403,23406,40.7,55
LTOS,CFS,8,48760,65248,16485,16488,39.0,48752
LTOS,CFS,10,72621,91189,18565,18568,30.3,72611
LTOS,CFS,7,92969,105141,12169,12172,41.8,92962
LTOS,CFS,6,116771,134033,17259,17262,41.2,116765
LTOS,CFS,6,63,37235,37169,37172,35.2,57
LTOS,CFS,8,48762,71911,23146,23149,30.8,48754
LTOS,CFS,11,72623,77517,4891,4894,48.4,72612
LTOS,CFS,7,92971,116709,23726,23738,27.5,92964
LTOS,CFS,7,116773,133747,16971,16974,41.5,116766
LTOS,CFS,6,65,47945,47877,47880,29.3,59
LTOS,CFS,9,48764,67012,18245,18248,37.1,48755
LTOS,CFS,11,72625,92829,20199,20204,25.9,72614
LTOS,CFS,7,92973,116043,23067,23070,29.6,92966
LTOS,CFS,7,116775,141113,24333,24338,29.4,116768
LTOS,CFS,6,67,47527,47457,47460,29.7,61
LTOS,CFS,9,48766,72130,23360,23364,30.2,48757
LTOS,CFS,11,72627,90783,18153,18156,31.3,72616
LTOS,CFS,7,92975,115947,22969,22972,29.9,92968
LTOS,CFS,7,116777,121813,5033,5036,47.9,116770
LTOS,CFS,7,69,44539,44467,44470,32.1,62
LTOS,CFS,10,48768,71572,22801,22804,31.6,48758
LTOS,CFS,11,72629,90393,17761,17764,32.3,72618
LTOS,CFS,7,92977,103947,10967,10970,43.0,92970
LTOS,CFS,7,116779,141241,24457,24462,28.7,116772
LTOS,CFS,7,71,46703,46629,46632,30.6,64
LTOS,CFS,11,48770,69544,20771,20774,34.6,48759
LTOS,CFS,12,72631,89789,17155,17158,33.4,72619
LTOS,CFS,7,92979,95225,2243,2246,50.0,92972
LTOS,CFS,8,116781,133563,16779,16782,41.6,116773
LTOS,CFS,8,73,12225,12149,12152,45.9,65
LTOS,CFS,11,48772,54824,6049,6052,48.4,48761
LTOS,CFS,12,72633,76617,3981,3984,49.2,72621
LTOS,CFS,9,92981,115857,22873,22876,30.0,92972
LTOS,CFS,8,116783,130073,13287,13290,43.6,116775
LTOS,CFS,8,75,42659,42581,42584,33.0,67
LTOS,CFS,11,48774,63716,14939,14942,40.5,48763
LTOS,CFS,12,72635,75945,3307,3310,49.5,72623
LTOS,CFS,10,92983,103381,10395,10398,43.5,92973
LTOS,CFS,9,116785,132217,15429,15432,42.5,116776
LTOS,CFS,9,77,24349,24269,24272,40.2,68
LTOS,CFS,11,48776,72481,23700,23705,28.9,48765
LTOS,CFS,12,72637,87123,14483,14486,37.0,72625
LTOS,CFS,10,92985,95615,2627,2630,49.6,92975
LTOS,CFS,10,116787,140883,24092,24096,30.3,116777
LTOS,CFS,9,79,45599,45517,45520,31.5,70
LTOS,CFS,11,48778,72237,23455,23459,29.9,48767
LTOS,CFS,13,72639,83095,10453,10456,42.3,72626
LTOS,CFS,10,92987,116549,23559,23562,28.2,92977
LTOS,CFS,11,116789,133567,16775,16778,41.6,116778
LTOS,CFS,9,81,45013,44929,44932,31.8,72
LTOS,CFS,12,48780,55184,6401,6404,48.1,48768
LTOS,CFS,13,72641,83743,11099,11102,41.5,72628
LTOS,CFS,11,92989,113355,20363,20366,34.0,92978
LTOS,CFS,11,116791,136803,20009,20012,37.7,116780
LTOS,CFS,10,83,48516,48429,48433,28.4,73
LTOS,CFS,13,48782,62520,13735,13738,41.7,48769
LTOS,CFS,14,72643,92759,20112,20116,26.2,72629
LTOS,CFS,11,92991,111099,18105,18108,36.3,92980
LTOS,CFS,12,116793,137099,20303,20306,37.2,116781
LTOS,CFS,10,85,47409,47321,47324,29.9,75
LTOS,CFS,13,48784,56470,7683,7686,47.1,48771
LTOS,CFS,15,72645,88097,15449,15452,35.8,72630
LTOS,CFS,11,92993,116582,23585,23589,28.1,92982
LTOS,CFS,12,116795,140187,23389,23392,31.9,116783
LTOS,CFS,12,87,36281,36191,36194,35.5,75
LTOS,CFS,13,48786,71130,22341,22344,32.4,48773
LTOS,CFS,15,72647,84275,11625,11628,40.8,72632
LTOS,CFS,12,92995,98109,5111,5114,47.8,92983
LTOS,CFS,13,116797,118743,1943,1946,50.0,116784
LTOS,CFS,12,89,47901,47809,47812,29.4,77
LTOS,CFS,14,48788,58728,9937,9940,45.4,48774
LTOS,CFS,15,72649,92903,20249,20254,25.5,72634
LTOS,CFS,12,92997,116681,23677,23684,27.7,92985
LTOS,CFS,13,116799,138279,21477,21480,35.4,116786
LTOS,CFS,13,91,14061,13967,13970,45.2,78
LTOS,CFS,15,48790,52894,4101,4104,49.5,48775
LTOS,CFS,15,72651,90155,17501,17504,32.8,72636
LTOS,CFS,12,92999,114095,21093,21096,32.9,92987
LTOS,CFS,14,116801,120667,3863,3866,49.0,116787
LTOS,CFS,13,93,14999,14903,14906,44.8,80
LTOS,CFS,15,48792,69792,20997,21000,34.2,48777
LTOS,CFS,16,72653,88957,16301,16304,34.6,72637
LTOS,CFS,13,93001,106403,13399,13402,40.5,92988
LTOS,CFS,14,116803,132301,15495,15498,42.5,116789
LTOS,CFS,13,95,48409,48310,48314,28.6,82
LTOS,CFS,15,48794,65268,16471,16474,38.9,48779
LTOS,CFS,17,72655,78643,5985,5988,47.1,72638
LTOS,CFS,13,93003,100859,7853,7856,45.9,92990
LTOS,CFS,15,116805,141132,24324,24327,29.3,116790
LTOS,CFS,14,97,38607,38507,38510,34.8,83
LTOS,CFS,16,48796,58734,9935,9938,45.4,48780
LTOS,CFS,18,72657,90285,17625,17628,32.6,72639
LTOS,CFS,13,93005,101471,8463,8466,45.2,92992
LTOS,CFS,16,116807,139349,22539,22542,33.5,116791
LTOS,CFS,15,99,2625,2523,2526,49.5,84
LTOS,CFS,16,48798,70588,21787,21790,33.2,48782
LTOS,CFS,18,72659,92142,19480,19483,27.8,72641
LTOS,CFS,13,93007,112473,19463,19466,35.1,92994
LTOS,CFS,16,116809,137669,20857,20860,36.4,116793
LTOS,CFS,15,101,13667,13563,13566,45.4,86
LTOS,CFS,16,48800,57714,8911,8914,46.2,48784
LTOS,CFS,18,72661,87339,14675,14678,36.8,72643
LTOS,CFS,14,93009,114961,21949,21952,31.6,92995
LTOS,CFS,16,116811,140295,23481,23484,31.7,116795
LTOS,CFS,16,103,19427,19321,19324,42.6,87
LTOS,CFS,16,48802,53578,4773,4776,49.3,48786
LTOS,CFS,18,72663,74117,1451,1454,50.0,72645
LTOS,CFS,14,93011,100379,7365,7368,46.3,92997
LTOS,CFS,16,116813,140597,23781,23784,31.0,116797
LTOS,CFS,16,105,47995,47887,47890,29.3,89
LTOS,CFS,17,48804,72469,23660,23665,29.0,48787
LTOS,CFS,18,72665,89723,17055,17058,33.5,72647
LTOS,CFS,14,93013,99271,6255,6258,47.1,92999
LTOS,CFS,17,116815,140698,23880,23883,30.8,116798
LTOS,CFS,17,107,43641,43531,43534,32.6,90
LTOS,CFS,17,48806,69798,20989,20992,34.2,48789
LTOS,CFS,18,72667,76647,3977,3980,49.1,72649
LTOS,CFS,16,93015,111579,18561,18564,35.9,92999
LTOS,CFS,17,116817,120777,3957,3960,48.9,116800
LTOS,CFS,17,109,48214,48101,48105,28.9,92
LTOS,CFS,17,48808,58816,10005,10008,45.2,48791
LTOS,CFS,18,72669,79853,7181,7184,45.7,72651
LTOS,CFS,16,93017,114931,21911,21914,31.6,93001
LTOS,CFS,17,116819,135719,18897,18900,39.1,116802
LTOS,CFS,18,111,45163,45049,45052,31.7,93
LTOS,CFS,18,48810,64546,15733,15736,39.6,48792
LTOS,CFS,18,72671,92672,19998,20001,26.4,72653
LTOS,CFS,17,93019,111683,18661,18664,35.8,93002
LTOS,CFS,18,116821,131093,14269,14272,43.1,116803
LTOS,CFS,19,113,38567,38451,38454,34.8,94
LTOS,CFS,18,48812,53958,5143,5146,49.0,48794
LTOS,CFS,19,72673,81457,8781,8784,44.1,72654
LTOS,CFS,17,93021,97863,4839,4842,48.0,93004
LTOS,CFS,18,116823,134869,18043,18046,40.2,116805
LTOS,CFS,19,115,38939,38821,38824,34.6,96
LTOS,CFS,18,48814,50760,1943,1946,50.0,48796
LTOS,CFS,19,72675,88159,15481,15484,35.7,72656
LTOS,CFS,17,93023,107965,14939,14942,39.0,93006
LTOS,CFS,18,116825,137677,20849,20852,36.4,116807
LTOS,CFS,19,117,13107,12987,12990,45.6,98
LTOS,CFS,20,48816,71134,22315,22318,32.4,48796
LTOS,CFS,19,72677,78249,5569,5572,47.6,72658
LTOS,CFS,18,93025,100875,7847,7850,45.9,93007
LTOS,CFS,20,116827,140924,24094,24097,30.2,116807
LTOS,CFS,20,119,21957,21835,21838,41.4,99
LTOS,CFS,20,48818,72393,23571,23575,29.3,48798
LTOS,CFS,19,72679,91669,18987,18990,28.8,72660
LTOS,CFS,20,93027,95173,2143,2146,50.0,93007
LTOS,CFS,20,116829,136473,19641,19644,38.1,116809
LTOS,CFS,20,121,48679,48552,48558,28.0,101
LTOS,CFS,20,48820,61032,12209,12212,43.1,48800
LTOS,CFS,19,72681,90199,17515,17518,32.7,72662
LTOS,CFS,20,93029,103625,10593,10596,43.2,93009
LTOS,CFS,20,116831,133785,16951,16954,41.4,116811
LTOS,MLFQ,0,0,1102,1089,1102,26.7,0
LTOS,MLFQ,1,27073,29265,2180,2192,40.5,27072
LTOS,MLFQ,2,40385,51704,11305,11319,22.4,40383
LTOS,MLFQ,0,51854,60201,8334,8347,36.1,51854
LTOS,MLFQ,0,65141,73613,8457,8472,39.5,65141
LTOS,MLFQ,0,22,13339,13300,13317,39.6,22
LTOS,MLFQ,1,27095,32152,5044,5057,45.3,27094
LTOS,MLFQ,2,40407,46064,5638,5657,42.1,40405
LTOS,MLFQ,0,51876,62163,10268,10287,35.6,51876
LTOS,MLFQ,0,65163,68311,3129,3148,47.3,65163
LTOS,MLFQ,1,33,25960,25913,25927,29.5,32
LTOS,MLFQ,1,27106,37543,10418,10437,36.0,27105
LTOS,MLFQ,2,40418,44482,4050,4064,44.3,40416
LTOS,MLFQ,0,51887,57741,5836,5854,42.7,51887
LTOS,MLFQ,1,65174,77335,12145,12161,33.6,65173
LTOS,MLFQ,1,44,9340,9282,9296,43.0,43
LTOS,MLFQ,2,27117,39189,12056,12072,32.2,27115
LTOS,MLFQ,3,40429,44493,4043,4064,44.9,40426
LTOS,MLFQ,0,51898,53030,1111,1132,49.0,51898
LTOS,MLFQ,1,65185,72432,7232,7247,42.9,65184
LTOS,MLFQ,2,55,6096,6021,6041,45.5,53
LTOS,MLFQ,2,27128,39682,12538,12554,30.7,27126
LTOS,MLFQ,3,40440,47972,7515,7532,37.3,40437
LTOS,MLFQ,1,51909,64709,12779,12800,28.7,51908
LTOS,MLFQ,1,65196,76982,11772,11786,34.7,65195
LTOS,MLFQ,2,66,23841,23763,23775,31.8,64
LTOS,MLFQ,3,27139,37608,10449,10469,35.5,27136
LTOS,MLFQ,6,40451,51717,11254,11266,23.3,40445
LTOS,MLFQ,1,51920,64222,12290,12302,30.1,51919
LTOS,MLFQ,1,65207,75602,10375,10395,38.7,65206
LTOS,MLFQ,2,77,1215,1125,1138,48.7,75
LTOS,MLFQ,3,27150,37086,9923,9936,37.0,27147
LTOS,MLFQ,6,40462,42358,1877,1896,48.4,40456
LTOS,MLFQ,1,51931,62732,10785,10801,34.1,51930
LTOS,MLFQ,1,65218,72462,7226,7244,43.1,65217
LTOS,MLFQ,2,88,11996,11894,11908,40.5,86
LTOS,MLFQ,5,27161,40356,13177,13195,25.5,27156
LTOS,MLFQ,6,40473,42890,2397,2417,47.7,40467
LTOS,MLFQ,1,51942,64512,12556,12570,29.6,51941
LTOS,MLFQ,1,65229,74423,9175,9194,41.0,65228
LTOS,MLFQ,3,99,26972,26854,26873,25.8,96
LTOS,MLFQ,5,27172,33914,6728,6742,42.1,27167
LTOS,MLFQ,7,40484,45580,5079,5096,42.3,40477
LTOS,MLFQ,1,51953,64520,12549,12567,29.5,51952
LTOS,MLFQ,1,65240,78465,13209,13225,29.4,65239
LTOS,MLFQ,3,110,25732,25607,25622,29.8,107
LTOS,MLFQ,5,27183,34641,7442,7458,41.3,27178
LTOS,MLFQ,7,40495,42390,1875,1895,48.2,40488
LTOS,MLFQ,2,51964,56125,4146,4161,45.7,51962
LTOS,MLFQ,2,65251,78015,12743,12764,31.0,65249
LTOS,MLFQ,3,121,17278,17139,17157,36.0,118
LTOS,MLFQ,5,27194,30750,3536,3556,47.1,27189
LTOS,MLFQ,7,40506,46816,6289,6310,39.9,40499
LTOS,MLFQ,3,51975,63307,11320,11332,32.9,51972
LTOS,MLFQ,2,65262,67524,2248,2262,48.4,65260
LTOS,MLFQ,4,132,20946,20800,20814,34.0,128
LTOS,MLFQ,6,27205,33481,6264,6276,43.1,27199
LTOS,MLFQ,8,40517,50623,10093,10106,29.2,40509
LTOS,MLFQ,3,51986,55231,3228,3245,46.2,51983
LTOS,MLFQ,2,65273,66363,1078,1090,49.0,65271
LTOS,MLFQ,4,143,9816,9657,9673,42.4,139
LTOS,MLFQ,6,27216,33949,6721,6733,41.8,27210
LTOS,MLFQ,9,40528,50017,9468,9489,32.3,40519
LTOS,MLFQ,3,51997,59923,7907,7926,39.1,51994
LTOS,MLFQ,3,65284,68505,3204,3221,46.0,65281
LTOS,MLFQ,4,154,9425,9253,9271,43.0,150
LTOS,MLFQ,6,27227,40384,13141,13157,24.3,27221
LTOS,MLFQ,9,40539,51845,11294,11306,21.1,40530
LTOS,MLFQ,3,52008,64996,12968,12988,26.2,52005
LTOS,MLFQ,4,65295,78799,13486,13504,24.9,65291
LTOS,MLFQ,5,165,1377,1194,1212,48.3,160
LTOS,MLFQ,6,27238,38623,11372,11385,33.7,27232
LTOS,MLFQ,9,40550,46215,5647,5665,40.7,40541
LTOS,MLFQ,4,52019,64744,12713,12725,27.7,52015
LTOS,MLFQ,5,65306,75068,9747,9762,39.6,65301
LTOS,MLFQ,5,176,2419,2222,2243,46.7,171
LTOS,MLFQ,6,27249,40127,12864,12878,28.4,27243
LTOS,MLFQ,10,40561,51292,10712,10731,26.2,40551
LTOS,MLFQ,5,52030,58622,6576,6592,41.5,52025
LTOS,MLFQ,5,65317,78307,12975,12990,30.2,65312
LTOS,MLFQ,6,187,25441,25238,25254,30.1,181
LTOS,MLFQ,7,27260,39756,12478,12496,30.6,27253
LTOS,MLFQ,10,40572,49179,8594,8607,34.5,40562
LTOS,MLFQ,6,52041,62846,10791,10805,34.2,52035
LTOS,MLFQ,5,65328,67621,2274,2293,48.0,65323
LTOS,MLFQ,6,198,27072,26861,26874,24.3,192
LTOS,MLFQ,7,27271,39475,12183,12204,31.2,27264
LTOS,MLFQ,10,40583,46276,5677,5693,40.6,40573
LTOS,MLFQ,6,52052,65078,13011,13026,25.1,52046
LTOS,MLFQ,5,65339,72097,6742,6758,42.9,65334
LTOS,MLFQ,6,209,5437,5214,5228,45.3,203
LTOS,MLFQ,7,27282,39773,12475,12491,30.0,27275
LTOS,MLFQ,10,40594,45276,4670,4682,42.9,40584
LTOS,MLFQ,6,52063,62874,10795,10811,34.1,52057
LTOS,MLFQ,5,65350,78630,13260,13280,27.9,65345
LTOS,MLFQ,6,220,12848,12608,12628,39.7,214
LTOS,MLFQ,8,27293,36353,9046,9060,38.1,27285
LTOS,MLFQ,10,40605,50676,10052,10071,29.5,40595
LTOS,MLFQ,7,52074,58696,6604,6622,41.4,52067
LTOS,MLFQ,6,65361,74568,9195,9207,40.1,65355
LTOS,MLFQ,6,231,20425,20174,20194,34.2,225
LTOS,MLFQ,8,27304,39793,12470,12489,29.9,27296
LTOS,MLFQ,11,40616,43014,2385,2398,47.3,40605
LTOS,MLFQ,7,52085,65140,13034,13055,23.5,52078
LTOS,MLFQ,7,65372,74575,9186,9203,40.5,65365
LTOS,MLFQ,6,242,26446,26184,26204,28.1,236
LTOS,MLFQ,9,27315,37270,9937,9955,36.5,27306
LTOS,MLFQ,11,40627,51759,11113,11132,22.7,40616
LTOS,MLFQ,7,52096,64622,12513,12526,28.6,52089
LTOS,MLFQ,7,65383,78721,13325,13338,26.7,65376
LTOS,MLFQ,6,253,26047,25774,25794,28.8,247
LTOS,MLFQ,9,27326,39991,12647,12665,28.7,27317
LTOS,MLFQ,11,40638,50455,9805,9817,30.1,40627
LTOS,MLFQ,7,52107,64629,12505,12522,29.0,52100
LTOS,MLFQ,7,65394,67747,2338,2353,47.3,65387
LTOS,MLFQ,7,264,24418,24139,24154,31.0,257
LTOS,MLFQ,10,27337,39818,12468,12481,30.4,27327
LTOS,MLFQ,11,40649,50145,9479,9496,31.4,40638
LTOS,MLFQ,7,52118,58059,5921,5941,42.7,52111
LTOS,MLFQ,7,65405,78814,13395,13409,24.0,65398
LTOS,MLFQ,7,275,25802,25513,25527,29.5,268
LTOS,MLFQ,11,27348,38780,11419,11432,33.5,27337
LTOS,MLFQ,12,40660,49746,9067,9086,32.3,40648
LTOS,MLFQ,7,52129,53475,1331,1346,48.7,52122
LTOS,MLFQ,8,65416,74623,9193,9207,40.3,65408
LTOS,MLFQ,8,286,6750,6449,6464,44.6,278
LTOS,MLFQ,11,27359,30429,3055,3070,47.9,27348
LTOS,MLFQ,12,40671,43072,2388,2401,47.0,40659
LTOS,MLFQ,9,52140,64632,12479,12492,28.9,52131
LTOS,MLFQ,8,65427,72599,7157,7172,42.4,65419
LTOS,MLFQ,8,297,23564,23249,23267,31.9,289
LTOS,MLFQ,11,27370,35579,8192,8209,39.7,27359
LTOS,MLFQ,12,40682,42572,1874,1890,48.0,40670
LTOS,MLFQ,10,52151,58083,5920,5932,42.5,52141
LTOS,MLFQ,9,65438,73947,8495,8509,41.2,65429
LTOS,MLFQ,9,308,13651,13329,13343,38.9,299
LTOS,MLFQ,11,27381,40346,12950,12965,25.8,27370
LTOS,MLFQ,12,40693,48398,7687,7705,35.6,40681
LTOS,MLFQ,10,52162,53528,1347,1366,48.3,52152
LTOS,MLFQ,10,65449,78562,13094,13113,28.8,65439
LTOS,MLFQ,9,319,25215,24880,24896,30.3,310
LTOS,MLFQ,11,27392,40157,12747,12765,27.9,27381
LTOS,MLFQ,13,40704,46414,5694,5710,40.5,40691
LTOS,MLFQ,10,52173,65043,12857,12870,25.6,52163
LTOS,MLFQ,11,65460,74649,9175,9189,40.1,65449
LTOS,MLFQ,9,330,24866,24518,24536,30.7,321
LTOS,MLFQ,12,27403,30471,3049,3068,47.7,27391
LTOS,MLFQ,13,40715,46431,5700,5716,39.6,40702
LTOS,MLFQ,11,52184,63206,11010,11022,32.7,52173
LTOS,MLFQ,11,65471,76295,10806,10824,36.5,65460
LTOS,MLFQ,10,341,26941,26585,26600,25.8,331
LTOS,MLFQ,13,27414,34978,7547,7564,40.9,27401
LTOS,MLFQ,14,40726,51766,11023,11040,22.7,40712
LTOS,MLFQ,11,52195,61978,9771,9783,35.1,52184
LTOS,MLFQ,12,65482,76311,10814,10829,35.9,65470
LTOS,MLFQ,10,352,26084,25718,25732,28.6,342
LTOS,MLFQ,13,27425,31843,4404,4418,46.1,27412
LTOS,MLFQ,15,40737,48824,8069,8087,34.3,40722
LTOS,MLFQ,11,52206,65051,12827,12845,25.5,52195
LTOS,MLFQ,12,65493,78090,12578,12597,30.8,65481
LTOS,MLFQ,12,363,20041,19666,19678,34.3,351
LTOS,MLFQ,13,27436,39614,12161,12178,31.3,27423
LTOS,MLFQ,15,40748,47107,6344,6359,38.6,40733
LTOS,MLFQ,12,52217,54825,2592,2608,46.7,52205
LTOS,MLFQ,13,65504,66926,1410,1422,48.7,65491
LTOS,MLFQ,12,374,26475,26084,26101,27.8,362
LTOS,MLFQ,14,27447,32759,5300,5312,44.2,27433
LTOS,MLFQ,15,40759,51853,11076,11094,20.7,40744
LTOS,MLFQ,12,52228,65118,12873,12890,23.9,52216
LTOS,MLFQ,13,65515,77186,11655,11671,34.0,65502
LTOS,MLFQ,13,385,7659,7257,7274,44.1,372
LTOS,MLFQ,15,27458,29995,2523,2537,48.6,27443
LTOS,MLFQ,15,40770,50198,9409,9428,31.1,40755
LTOS,MLFQ,12,52239,63816,11564,11577,31.5,52227
LTOS,MLFQ,14,65526,67969,2431,2443,47.2,65512
LTOS,MLFQ,13,396,8544,8129,8148,43.6,383
LTOS,MLFQ,15,27469,38855,11367,11386,33.0,27454
LTOS,MLFQ,16,40781,49374,8575,8593,32.9,40765
LTOS,MLFQ,13,52250,59606,7338,7356,39.5,52237
LTOS,MLFQ,14,65537,74084,8532,8547,40.9,65523
LTOS,MLFQ,13,407,26870,26447,26463,26.2,394
LTOS,MLFQ,15,27480,36456,8962,8976,37.3,27465
LTOS,MLFQ,17,40792,44203,3395,3411,45.0,40775
LTOS,MLFQ,13,52261,56617,4338,4356,44.8,52248
LTOS,MLFQ,15,65548,78747,13185,13199,26.1,65533
LTOS,MLFQ,14,418,21392,20958,20974,33.5,404
LTOS,MLFQ,16,27491,32816,5313,5325,43.4,27475
LTOS,MLFQ,18,40803,50212,9396,9409,30.3,40785
LTOS,MLFQ,13,52272,56634,4346,4362,44.1,52259
LTOS,MLFQ,16,65559,77575,11997,12016,32.1,65543
LTOS,MLFQ,15,429,1891,1444,1462,48.0,414
LTOS,MLFQ,16,27502,39150,11627,11648,31.8,27486
LTOS,MLFQ,18,40814,51364,10534,10550,25.1,40796
LTOS,MLFQ,13,52283,62624,10321,10341,33.9,52270
LTOS,MLFQ,16,65570,76848,11259,11278,35.0,65554
LTOS,MLFQ,15,440,7738,7286,7298,43.8,425
LTOS,MLFQ,16,27513,31995,4463,4482,44.7,27497
LTOS,MLFQ,18,40825,48936,8099,8111,34.5,40807
LTOS,MLFQ,14,52294,64178,11864,11884,30.3,52280
LTOS,MLFQ,16,65581,78236,12642,12655,29.9,65565
LTOS,MLFQ,16,451,10991,10521,10540,41.2,435
LTOS,MLFQ,16,27524,30072,2527,2548,48.4,27508
LTOS,MLFQ,18,40836,41381,528,545,49.0,40818
LTOS,MLFQ,14,52305,56680,4363,4375,44.6,52291
LTOS,MLFQ,16,65592,78423,12815,12831,29.3,65576
LTOS,MLFQ,16,462,26513,26036,26051,27.4,446
LTOS,MLFQ,17,27535,40348,12801,12813,25.2,27518
LTOS,MLFQ,18,40847,49874,9010,9027,31.5,40829
LTOS,MLFQ,14,52316,55812,3477,3496,45.9,52302
LTOS,MLFQ,17,65603,78437,12821,12834,28.8,65586
LTOS,MLFQ,17,473,24105,23611,23632,31.3,456
LTOS,MLFQ,17,27546,38908,11343,11362,32.7,27529
LTOS,MLFQ,18,40858,43383,2512,2525,46.4,40840
LTOS,MLFQ,16,52327,62110,9762,9783,34.6,52311
LTOS,MLFQ,17,65614,68126,2499,2512,47.0,65597
LTOS,MLFQ,17,484,26666,26162,26182,26.8,467
LTOS,MLFQ,17,27557,32896,5326,5339,43.0,27540
LTOS,MLFQ,18,40869,44313,3423,3444,43.8,40851
LTOS,MLFQ,16,52338,64187,11830,11849,30.1,52322
LTOS,MLFQ,17,65625,76002,10363,10377,37.3,65608
LTOS,MLFQ,18,495,25011,24504,24516,30.3,477
LTOS,MLFQ,18,27568,35777,8188,8209,38.0,27550
LTOS,MLFQ,18,40880,51689,10793,10809,22.6,40862
LTOS,MLFQ,17,52349,62671,10309,10322,34.1,52332
LTOS,MLFQ,18,65636,73487,7833,7851,41.6,65618
LTOS,MLFQ,19,506,21441,20920,20935,33.4,487
LTOS,MLFQ,18,27579,30608,3014,3029,47.3,27561
LTOS,MLFQ,19,40891,45967,5064,5076,41.2,40872
LTOS,MLFQ,17,52360,54960,2587,2600,46.5,52343
LTOS,MLFQ,18,65647,75251,9587,9604,38.4,65629
LTOS,MLFQ,19,517,21862,21332,21345,33.1,498
LTOS,MLFQ,18,27590,29186,1584,1596,49.0,27572
LTOS,MLFQ,19,40902,49000,8079,8098,33.5,40883
LTOS,MLFQ,17,52371,60491,8106,8120,37.2,52354
LTOS,MLFQ,18,65658,76923,11246,11265,34.7,65640
LTOS,MLFQ,19,528,7897,7354,7369,43.9,509
LTOS,MLFQ,20,27601,39643,12025,12042,30.5,27581
LTOS,MLFQ,19,40913,43493,2559,2580,45.3,40894
LTOS,MLFQ,18,52382,56776,4376,4394,44.1,52364
LTOS,MLFQ,20,65669,78598,12916,12929,27.4,65649
LTOS,MLFQ,20,539,12321,11766,11782,39.7,519
LTOS,MLFQ,20,27612,40297,12667,12685,25.9,27592
LTOS,MLFQ,19,40924,51118,10182,10194,26.2,40905
LTOS,MLFQ,20,52393,53972,1565,1579,48.0,52373
LTOS,MLFQ,20,65680,76067,10367,10387,36.6,65660
LTOS,MLFQ,20,550,27058,26489,26508,24.2,530
LTOS,MLFQ,20,27623,34503,6866,6880,40.8,27603
LTOS,MLFQ,19,40935,50288,9333,9353,30.3,40916
LTOS,MLFQ,20,52404,58374,5955,5970,41.2,52384
LTOS,MLFQ,20,65691,74986,9278,9295,39.6,65671
LTOS,RR,0,0,365,352,365,27.7,0
LTOS,RR,1,27073,29265,2180,2192,41.5,27072
LTOS,RR,2,40385,51704,11305,11319,23.9,40383
LTOS,RR,0,51854,60080,8213,8226,37.4,51854
LTOS,RR,0,65141,73613,8457,8472,40.6,65141
LTOS,RR,0,22,13339,13300,13317,40.3,22
LTOS,RR,1,27095,32152,5044,5057,45.8,27094
LTOS,RR,2,40407,46064,5638,5657,42.6,40405
LTOS,RR,0,51876,62163,10268,10287,35.9,51876
LTOS,RR,0,65163,68311,3129,3148,47.6,65163
LTOS,RR,1,33,25960,25913,25927,30.2,32
LTOS,RR,1,27106,37543,10418,10437,36.5,27105
LTOS,RR,2,40418,44889,4457,4471,44.8,40416
LTOS,RR,0,51887,58044,6139,6157,42.9,51887
LTOS,RR,1,65174,77500,12310,12326,33.9,65173
LTOS,RR,1,44,9645,9587,9601,43.6,43
LTOS,RR,2,27117,39343,12210,12226,32.7,27115
LTOS,RR,3,40429,44478,4028,4049,45.6,40426
LTOS,RR,0,51898,53008,1089,1110,50.0,51898
LTOS,RR,1,65185,72830,7630,7645,43.5,65184
LTOS,RR,2,55,6140,6065,6085,46.1,53
LTOS,RR,2,27128,39803,12659,12675,31.1,27126
LTOS,RR,3,40440,47972,7515,7532,37.9,40437
LTOS,RR,1,51909,64709,12779,12800,29.0,51908
LTOS,RR,1,65196,77153,11943,11957,35.0,65195
LTOS,RR,2,66,24050,23972,23984,32.5,64
LTOS,RR,3,27139,37828,10669,10689,36.0,27136
LTOS,RR,6,40451,51757,11294,11306,23.9,40445
LTOS,RR,1,51920,64354,12422,12434,30.5,51919
LTOS,RR,1,65207,75580,10353,10373,39.2,65206
LTOS,RR,2,77,1160,1070,1083,49.3,75
LTOS,RR,3,27150,37042,9879,9892,37.5,27147
LTOS,RR,6,40462,42639,2158,2177,49.2,40456
LTOS,RR,1,51931,62929,10982,10998,34.4,51930
LTOS,RR,1,65218,72435,7199,7217,43.8,65217
LTOS,RR,2,88,12321,12219,12233,41.1,86
LTOS,RR,5,27161,40356,13177,13195,26.0,27156
LTOS,RR,6,40473,43149,2656,2676,48.2,40467
LTOS,RR,1,51942,64501,12545,12559,30.0,51941
LTOS,RR,1,65229,74390,9142,9161,41.6,65228
LTOS,RR,3,99,26972,26854,26873,26.5,96
LTOS,RR,5,27172,34215,7029,7043,42.7,27167
LTOS,RR,7,40484,45714,5213,5230,43.0,40477
LTOS,RR,1,51953,64509,12538,12556,30.0,51952
LTOS,RR,1,65240,78465,13209,13225,30.0,65239
LTOS,RR,3,110,25710,25585,25600,30.6,107
LTOS,RR,5,27183,34575,7376,7392,42.0,27178
LTOS,RR,7,40495,42671,2156,2176,49.0,40488
LTOS,RR,2,51964,56048,4069,4084,46.2,51962
LTOS,RR,2,65251,78145,12873,12894,31.6,65249
LTOS,RR,3,121,17542,17403,17421,36.8,118
LTOS,RR,5,27194,30882,3668,3688,47.6,27189
LTOS,RR,7,40506,46794,6267,6288,40.5,40499
LTOS,RR,3,51975,63362,11375,11387,33.3,51972
LTOS,RR,2,65262,67425,2149,2163,49.2,65260
LTOS,RR,4,132,21177,21031,21045,34.8,128
LTOS,RR,6,27205,33470,6253,6265,43.8,27199
LTOS,RR,8,40517,50731,10201,10214,29.8,40509
LTOS,RR,3,51986,55603,3600,3617,46.8,51983
LTOS,RR,2,65273,66374,1089,1101,50.0,65271
LTOS,RR,4,143,10113,9954,9970,43.1,139
LTOS,RR,6,27216,34228,7000,7012,42.5,27210
LTOS,RR,9,40528,49995,9446,9467,33.0,40519
LTOS,RR,3,51997,59846,7830,7849,39.5,51994
LTOS,RR,3,65284,68868,3567,3584,46.5,65281
LTOS,RR,4,154,9322,9150,9168,43.8,150
LTOS,RR,6,27227,40384,13141,13157,24.9,27221
LTOS,RR,9,40539,51853,11302,11314,21.9,40530
LTOS,RR,3,52008,64996,12968,12988,26.8,52005
LTOS,RR,4,65295,78799,13486,13504,25.5,65291
LTOS,RR,5,165,1245,1062,1080,49.0,160
LTOS,RR,6,27238,38579,11328,11341,34.4,27232
LTOS,RR,9,40550,46496,5928,5946,41.4,40541
LTOS,RR,4,52019,64799,12768,12780,28.3,52015
LTOS,RR,5,65306,75057,9736,9751,40.2,65301
LTOS,RR,5,176,2782,2585,2606,47.3,171
LTOS,RR,6,27249,40105,12842,12856,29.1,27243
LTOS,RR,10,40561,51270,10690,10709,27.0,40551
LTOS,RR,5,52030,58512,6466,6482,41.9,52025
LTOS,RR,5,65317,78285,12953,12968,30.9,65312
LTOS,RR,6,187,25408,25205,25221,31.0,181
LTOS,RR,7,27260,39717,12439,12457,31.4,27253
LTOS,RR,10,40572,49124,8539,8552,35.2,40562
LTOS,RR,6,52041,62763,10708,10722,34.8,52035
LTOS,RR,5,65328,67478,2131,2150,48.8,65323
LTOS,RR,6,198,27072,26861,26874,25.2,192
LTOS,RR,7,27271,39577,12285,12306,31.9,27264
LTOS,RR,10,40583,46524,5925,5941,41.3,40573
LTOS,RR,6,52052,65078,13011,13026,25.7,52046
LTOS,RR,5,65339,72064,6709,6725,43.8,65334
LTOS,RR,6,209,5283,5060,5074,46.2,203
LTOS,RR,7,27282,39842,12544,12560,30.8,27275
LTOS,RR,10,40594,45419,4813,4825,43.6,40584
LTOS,RR,6,52063,62780,10701,10717,34.7,52057
LTOS,RR,5,65350,78619,13249,13269,28.6,65345
LTOS,RR,6,220,12749,12509,12529,40.6,214
LTOS,RR,8,27293,36265,8958,8972,38.9,27285
LTOS,RR,10,40605,50640,10016,10035,30.3,40595
LTOS,RR,7,52074,58553,6461,6479,41.9,52067
LTOS,RR,6,65361,74788,9415,9427,40.7,65355
LTOS,RR,6,231,20348,20097,20117,35.2,225
LTOS,RR,8,27304,39851,12528,12547,30.7,27296
LTOS,RR,11,40616,43273,2644,2657,47.8,40605
LTOS,RR,7,52085,65140,13034,13055,24.2,52078
LTOS,RR,7,65372,74474,9085,9102,41.3,65365
LTOS,RR,6,242,26424,26162,26182,29.0,236
LTOS,RR,9,27315,37138,9805,9823,37.2,27306
LTOS,RR,11,40627,51777,11131,11150,23.5,40616
LTOS,RR,7,52096,64665,12556,12569,29.2,52089
LTOS,RR,7,65383,78710,13314,13327,27.5,65376
LTOS,RR,6,253,26124,25851,25871,29.8,247
LTOS,RR,9,27326,40035,12691,12709,29.6,27317
LTOS,RR,11,40638,50521,9871,9883,30.8,40627
LTOS,RR,7,52107,64571,12447,12464,29.8,52100
LTOS,RR,7,65394,68027,2618,2633,47.8,65387
LTOS,RR,7,264,24539,24260,24275,32.0,257
LTOS,RR,10,27337,39753,12403,12416,31.3,27327
LTOS,RR,11,40649,50241,9575,9592,32.1,40638
LTOS,RR,7,52118,57853,5715,5735,43.3,52111
LTOS,RR,7,65405,78814,13395,13409,24.8,65398
LTOS,RR,7,275,25747,25458,25472,30.5,268
LTOS,RR,11,27348,38659,11298,11311,34.3,27337
LTOS,RR,12,40660,49856,9177,9196,33.3,40648
LTOS,RR,7,52129,53233,1089,1104,49.7,52122
LTOS,RR,8,65416,74500,9070,9084,41.2,65408
LTOS,RR,8,286,6794,6493,6508,45.5,278
LTOS,RR,11,27359,30555,3181,3196,48.3,27348
LTOS,RR,12,40671,42839,2155,2168,48.8,40659
LTOS,RR,9,52140,64574,12421,12434,29.7,52131
LTOS,RR,8,65427,72572,7130,7145,43.4,65419
LTOS,RR,8,297,23454,23139,23157,32.9,289
LTOS,RR,11,27370,35381,7994,8011,40.5,27359
LTOS,RR,12,40682,42322,1624,1640,49.5,40670
LTOS,RR,10,52151,57866,5703,5715,43.2,52141
LTOS,RR,9,65438,73782,8330,8344,42.2,65429
LTOS,RR,9,308,13497,13175,13189,39.9,299
LTOS,RR,11,27381,40324,12928,12943,26.7,27370
LTOS,RR,12,40693,48387,7676,7694,36.7,40681
LTOS,RR,10,52162,53264,1083,1102,49.3,52152
LTOS,RR,10,65449,78518,13050,13069,29.6,65439
LTOS,RR,9,319,25127,24792,24808,31.3,310
LTOS,RR,11,27392,40124,12714,12732,28.9,27381
LTOS,RR,13,40704,46246,5526,5542,41.8,40691
LTOS,RR,10,52173,65021,12835,12848,26.5,52163
LTOS,RR,11,65460,74515,9041,9055,41.1,65449
LTOS,RR,9,330,24767,24419,24437,31.7,321
LTOS,RR,12,27403,30597,3175,3194,48.1,27391
LTOS,RR,13,40715,46596,5865,5881,40.9,40702
LTOS,RR,11,52184,63261,11065,11077,33.5,52173
LTOS,RR,11,65471,76185,10696,10714,37.4,65460
LTOS,RR,10,341,26919,26563,26578,26.8,331
LTOS,RR,13,27414,34747,7316,7333,41.6,27401
LTOS,RR,14,40726,51744,11001,11018,23.8,40712
LTOS,RR,11,52195,62066,9859,9871,35.9,52184
LTOS,RR,12,65482,76421,10924,10939,36.8,65470
LTOS,RR,10,352,26139,25773,25787,29.6,342
LTOS,RR,13,27425,31546,4107,4121,46.7,27412
LTOS,RR,15,40737,48947,8192,8210,35.5,40722
LTOS,RR,11,52206,65029,12805,12823,26.4,52195
LTOS,RR,12,65493,78068,12556,12575,31.7,65481
LTOS,RR,12,366,20151,19773,19785,35.3,354
LTOS,RR,13,27436,39482,12029,12046,32.2,27423
LTOS,RR,15,40748,46942,6179,6194,39.9,40733
LTOS,RR,12,52217,54836,2603,2619,47.5,52205
LTOS,RR,13,65504,66596,1080,1092,49.7,65491
LTOS,RR,12,377,26442,26048,26065,28.9,365
LTOS,RR,14,27447,32880,5421,5433,44.8,27433
LTOS,RR,15,40759,51851,11074,11092,21.9,40744
LTOS,RR,12,52228,65118,12873,12890,24.9,52216
LTOS,RR,13,65515,77072,11541,11557,34.9,65502
LTOS,RR,13,388,7807,7402,7419,44.9,375
LTOS,RR,15,27458,29632,2160,2174,49.4,27443
LTOS,RR,15,40770,50092,9303,9322,32.4,40755
LTOS,RR,12,52239,63662,11410,11423,32.4,52227
LTOS,RR,14,65526,67656,2118,2130,48.4,65512
LTOS,RR,13,399,8247,7829,7848,44.5,386
LTOS,RR,15,27469,38701,11213,11232,34.1,27454
LTOS,RR,16,40781,49451,8652,8670,34.2,40765
LTOS,RR,13,52250,59353,7085,7103,40.2,52237
LTOS,RR,14,65537,73853,8301,8316,42.0,65523
LTOS,RR,13,410,26837,26411,26427,27.3,397
LTOS,RR,15,27480,36368,8874,8888,38.5,27465
LTOS,RR,17,40792,43884,3076,3092,46.4,40775
LTOS,RR,13,52261,56298,4019,4037,45.7,52248
LTOS,RR,15,65548,78725,13163,13177,27.2,65533
LTOS,RR,14,421,21326,20889,20905,34.6,407
LTOS,RR,16,27491,32904,5401,5413,44.7,27475
LTOS,RR,18,40803,50266,9450,9463,31.7,40785
LTOS,RR,13,52272,56732,4444,4460,44.8,52259
LTOS,RR,16,65559,77619,12041,12060,33.1,65543
LTOS,RR,15,432,1506,1056,1074,48.3,417
LTOS,RR,16,27502,39117,11594,11615,33.0,27486
LTOS,RR,18,40814,51309,10479,10495,26.4,40796
LTOS,RR,13,52283,62649,10346,10366,34.9,52270
LTOS,RR,16,65570,76694,11105,11124,36.0,65554
LTOS,RR,15,443,7842,7387,7399,44.8,428
LTOS,RR,16,27513,32072,4540,4559,45.9,27497
LTOS,RR,18,40825,48741,7904,7916,35.9,40807
LTOS,RR,14,52294,64024,11710,11730,31.3,52280
LTOS,RR,16,65581,78225,12631,12644,31.0,65565
LTOS,RR,16,454,10705,10232,10251,42.3,438
LTOS,RR,16,27524,29698,2153,2174,49.2,27508
LTOS,RR,18,40836,41392,539,556,50.0,40818
LTOS,RR,14,52305,56333,4016,4028,45.6,52291
LTOS,RR,16,65592,78346,12738,12754,30.4,65576
LTOS,RR,16,465,26535,26055,26070,28.5,449
LTOS,RR,17,27535,40326,12779,12791,26.4,27518
LTOS,RR,18,40847,49918,9054,9071,32.9,40829
LTOS,RR,14,52316,55420,3085,3104,46.9,52302
LTOS,RR,17,65603,78448,12832,12845,29.9,65586
LTOS,RR,17,476,24004,23507,23528,32.4,459
LTOS,RR,17,27546,38732,11167,11186,33.9,27529
LTOS,RR,18,40858,42996,2125,2138,48.2,40840
LTOS,RR,16,52327,62132,9784,9805,35.7,52311
LTOS,RR,17,65614,67736,2109,2122,48.2,65597
LTOS,RR,17,487,26677,26170,26190,28.0,470
LTOS,RR,17,27557,32940,5370,5383,44.4,27540
LTOS,RR,18,40869,44379,3489,3510,45.2,40851
LTOS,RR,16,52338,64033,11676,11695,31.2,52322
LTOS,RR,17,65625,75782,10143,10157,38.4,65608
LTOS,RR,18,498,25022,24512,24524,31.4,480
LTOS,RR,18,27568,35799,8210,8231,39.4,27550
LTOS,RR,18,40880,51700,10804,10820,24.0,40862
LTOS,RR,17,52349,62419,10057,10070,35.2,52332
LTOS,RR,18,65636,73157,7503,7521,42.8,65618
LTOS,RR,19,509,21375,20851,20866,34.5,490
LTOS,RR,18,27579,30253,2659,2674,48.5,27561
LTOS,RR,19,40891,45630,4727,4739,42.9,40872
LTOS,RR,17,52360,54971,2598,2611,47.3,52343
LTOS,RR,18,65647,75240,9576,9593,39.6,65629
LTOS,RR,19,520,21631,21098,21111,34.3,501
LTOS,RR,18,27590,28691,1089,1101,50.0,27572
LTOS,RR,19,40902,49033,8112,8131,35.1,40883
LTOS,RR,17,52371,60381,7996,8010,38.2,52354
LTOS,RR,18,65658,76736,11059,11078,35.9,65640
LTOS,RR,19,531,7481,6935,6950,45.1,512
LTOS,RR,20,27601,39500,11882,11899,31.8,27581
LTOS,RR,19,40913,43526,2592,2613,47.0,40894
LTOS,RR,18,52382,56385,3985,4003,45.2,52364
LTOS,RR,20,65669,78598,12916,12929,28.6,65649
LTOS,RR,20,542,12273,11715,11731,41.0,522
LTOS,RR,20,27612,40253,12623,12641,27.3,27592
LTOS,RR,19,40924,51030,10094,10106,27.8,40905
LTOS,RR,20,52393,53488,1081,1095,49.0,52373
LTOS,RR,20,65680,76067,10367,10387,37.7,65660
LTOS,RR,20,553,27058,26486,26505,25.3,533
LTOS,RR,20,27623,34145,6508,6522,42.4,27603
LTOS,RR,19,40935,50146,9191,9211,32.0,40916
LTOS,RR,20,52404,58014,5595,5610,42.4,52384
LTOS,RR,20,65691,74687,8979,8996,40.8,65671
LTOS,SJF,0,0,35,22,35,27.7,0
LTOS,SJF,1,26556,26717,149,161,39.3,26555
LTOS,SJF,2,39406,48897,9477,9491,3.9,39404
LTOS,SJF,0,50380,52747,2354,2367,26.7,50380
LTOS,SJF,0,63150,64943,1778,1793,32.4,63150
LTOS,SJF,0,3250,3575,308,325,30.0,3250
LTOS,SJF,1,27145,27246,88,101,40.0,27144
LTOS,SJF,2,40562,40691,110,129,33.0,40560
LTOS,SJF,0,53567,53850,264,283,24.0,53567
LTOS,SJF,0,63408,63471,44,63,43.0,63408
LTOS,SJF,1,15276,16126,836,850,12.0,15275
LTOS,SJF,1,29912,30195,264,283,24.0,29911
LTOS,SJF,2,40013,40104,77,91,38.0,40011
LTOS,SJF,0,51525,51664,121,139,34.0,51525
LTOS,SJF,1,69388,69745,341,357,16.0,69387
LTOS,SJF,1,1370,1582,198,212,37.0,1369
LTOS,SJF,2,32166,32534,352,368,17.0,32164
LTOS,SJF,3,39925,40012,66,87,39.0,39922
LTOS,SJF,0,50453,50474,0,21,47.0,50453
LTOS,SJF,1,64015,64184,154,169,38.0,64014
LTOS,SJF,2,257,387,110,130,44.0,255
LTOS,SJF,2,34452,35249,781,797,11.0,34450
LTOS,SJF,3,41421,41614,176,193,27.0,41418
LTOS,SJF,1,59276,59715,418,439,8.0,59275
LTOS,SJF,1,69054,69387,319,333,17.0,69053
LTOS,SJF,2,9001,9728,715,727,20.0,8999
LTOS,SJF,3,30196,30491,275,295,23.0,30193
LTOS,SJF,6,47968,48431,451,463,5.0,47962
LTOS,SJF,1,56807,57204,385,397,14.0,56806
LTOS,SJF,1,66995,67257,242,262,24.0,66994
LTOS,SJF,2,22,49,14,27,49.3,20
LTOS,SJF,3,29395,29650,242,255,26.0,29392
LTOS,SJF,6,39546,39587,22,41,46.0,39540
LTOS,SJF,1,54751,55064,297,313,20.0,54750
LTOS,SJF,1,63853,64014,143,161,39.0,63852
LTOS,SJF,2,2330,2619,275,289,33.0,2328
LTOS,SJF,5,38380,38882,484,502,2.0,38375
LTOS,SJF,6,39678,39731,33,53,43.0,39672
LTOS,SJF,1,57615,58025,396,410,12.0,57614
LTOS,SJF,1,65824,66041,198,217,29.0,65823
LTOS,SJF,3,23444,24453,990,1009,3.0,23441
LTOS,SJF,5,28032,28189,143,157,33.0,28027
LTOS,SJF,7,40318,40434,99,116,35.0,40311
LTOS,SJF,1,58440,58854,396,414,10.0,58439
LTOS,SJF,1,72553,72987,418,434,8.0,72552
LTOS,SJF,3,14446,15275,814,829,13.0,14443
LTOS,SJF,5,28190,28360,154,170,32.0,28185
LTOS,SJF,7,39588,39630,22,42,45.0,39581
LTOS,SJF,2,50788,50869,66,81,41.0,50786
LTOS,SJF,2,70900,71306,385,406,12.0,70898
LTOS,SJF,3,3576,4045,451,469,29.0,3573
LTOS,SJF,5,26891,26966,55,75,43.0,26886
LTOS,SJF,7,41267,41420,132,153,28.0,41260
LTOS,SJF,3,55386,55717,319,331,18.0,55383
LTOS,SJF,2,63280,63316,22,36,46.0,63278
LTOS,SJF,4,5169,5766,583,597,26.0,5165
LTOS,SJF,6,27595,27728,121,133,36.0,27589
LTOS,SJF,8,45592,45924,319,332,11.0,45584
LTOS,SJF,3,50636,50708,55,72,43.0,50633
LTOS,SJF,2,63161,63206,33,45,50.0,63159
LTOS,SJF,4,1583,1808,209,225,36.0,1579
LTOS,SJF,6,27876,28031,143,155,34.0,27870
LTOS,SJF,9,44086,44371,264,285,16.0,44077
LTOS,SJF,3,52138,52333,176,195,30.0,52135
LTOS,SJF,3,63472,63544,55,72,42.0,63469
LTOS,SJF,4,1164,1369,187,205,38.0,1160
LTOS,SJF,6,38883,39405,506,522,1.0,38877
LTOS,SJF,9,49872,50379,495,507,1.0,49863
LTOS,SJF,3,61115,61597,462,482,4.0,61112
LTOS,SJF,4,75283,75807,506,524,2.0,75279
LTOS,SJF,5,50,79,11,29,48.0,45
LTOS,SJF,6,30492,31132,627,640,22.0,30486
LTOS,SJF,9,40979,41118,121,139,30.0,40970
LTOS,SJF,4,59716,60157,429,441,7.0,59712
LTOS,SJF,5,66264,66499,220,235,27.0,66259
LTOS,SJF,5,99,153,33,54,46.0,94
LTOS,SJF,6,36098,36530,418,432,7.0,36092
LTOS,SJF,10,46670,47063,374,393,8.0,46660
LTOS,SJF,5,51665,51813,132,148,33.0,51660
LTOS,SJF,5,71307,71718,396,411,11.0,71302
LTOS,SJF,6,12808,13616,792,808,15.0,12802
LTOS,SJF,7,34059,34451,374,392,12.0,34052
LTOS,SJF,10,42489,42722,220,233,22.0,42479
LTOS,SJF,6,54147,54447,286,300,22.0,54141
LTOS,SJF,5,63317,63358,22,41,45.0,63312
LTOS,SJF,6,25497,26555,1045,1058,1.0,25491
LTOS,SJF,7,33286,33670,363,384,14.0,33279
LTOS,SJF,10,40692,40961,253,269,32.0,40682
LTOS,SJF,6,61598,62097,484,499,3.0,61592
LTOS,SJF,5,63545,63693,132,148,41.0,63540
LTOS,SJF,6,154,256,88,102,45.0,148
LTOS,SJF,7,34463,35266,787,803,10.9,34456
LTOS,SJF,10,40105,40304,187,199,37.0,40095
LTOS,SJF,6,54448,54750,286,302,21.0,54442
LTOS,SJF,5,73869,74329,440,460,5.0,73864
LTOS,SJF,6,2620,2926,286,306,32.0,2614
LTOS,SJF,8,28936,29379,429,443,28.0,28928
LTOS,SJF,10,45264,45591,308,327,12.0,45254
LTOS,SJF,7,51814,51964,132,150,32.0,51807
LTOS,SJF,6,66042,66263,209,221,28.0,66036
LTOS,SJF,6,4598,5168,550,570,27.0,4592
LTOS,SJF,8,35267,35671,385,404,9.0,35259
LTOS,SJF,11,39631,39677,33,46,44.0,39620
LTOS,SJF,7,62611,63149,517,538,1.0,62604
LTOS,SJF,7,65381,65805,407,424,31.0,65374
LTOS,SJF,6,18755,19655,880,900,8.0,18749
LTOS,SJF,9,29651,29911,242,260,25.0,29642
LTOS,SJF,11,48898,49368,451,470,3.0,48887
LTOS,SJF,7,58855,59275,407,420,9.0,58848
LTOS,SJF,7,74330,74805,462,475,4.0,74323
LTOS,SJF,6,16989,17856,847,867,10.0,16983
LTOS,SJF,9,35672,36097,407,425,8.0,35663
LTOS,SJF,11,44954,45263,297,309,13.0,44943
LTOS,SJF,7,58026,58439,396,413,11.0,58019
LTOS,SJF,7,63359,63407,33,48,44.0,63352
LTOS,SJF,7,9729,10481,737,752,19.0,9722
LTOS,SJF,10,33671,34058,374,387,13.0,33661
LTOS,SJF,11,44661,44953,275,292,14.0,44650
LTOS,SJF,7,51394,51524,110,130,35.0,51387
LTOS,SJF,7,75808,76339,517,531,1.0,75801
LTOS,SJF,7,13617,14445,814,828,14.0,13610
LTOS,SJF,11,30503,31146,630,643,21.9,30492
LTOS,SJF,12,43244,43516,253,272,19.0,43232
LTOS,SJF,7,50417,50432,0,15,49.0,50410
LTOS,SJF,8,64944,65365,407,421,33.0,64936
LTOS,SJF,8,388,524,121,136,43.0,380
LTOS,SJF,11,26767,26826,44,59,45.0,26756
LTOS,SJF,12,39463,39531,55,68,48.0,39451
LTOS,SJF,9,57205,57614,396,409,13.0,57196
LTOS,SJF,8,63694,63852,143,158,40.0,63686
LTOS,SJF,8,7574,8274,682,700,22.0,7566
LTOS,SJF,11,28533,28726,176,193,30.0,28522
LTOS,SJF,12,39435,39462,11,27,49.0,39423
LTOS,SJF,10,51145,51267,110,122,37.0,51135
LTOS,SJF,9,64358,64548,176,190,36.0,64349
LTOS,SJF,9,2927,3249,308,322,31.0,2918
LTOS,SJF,11,37902,38379,462,477,3.0,37891
LTOS,SJF,12,41615,41820,187,205,26.0,41603
LTOS,SJF,10,50433,50452,0,19,48.0,50423
LTOS,SJF,10,72988,73425,418,437,7.0,72978
LTOS,SJF,9,12021,12807,770,786,16.0,12012
LTOS,SJF,11,36531,36967,418,436,6.0,36520
LTOS,SJF,13,40435,40561,110,126,34.0,40422
LTOS,SJF,10,60158,60633,462,475,6.0,60148
LTOS,SJF,11,64955,65380,411,425,32.9,64944
LTOS,SJF,9,10482,11248,748,766,18.0,10473
LTOS,SJF,12,26827,26890,44,63,44.0,26815
LTOS,SJF,13,40703,40978,259,275,31.9,40690
LTOS,SJF,11,55065,55385,308,320,19.0,55054
LTOS,SJF,11,67532,67814,264,282,22.0,67521
LTOS,SJF,10,22460,23443,968,983,4.0,22450
LTOS,SJF,13,28361,28532,154,171,31.0,28348
LTOS,SJF,14,47510,47967,440,457,6.0,47496
LTOS,SJF,11,52748,53013,253,265,27.0,52737
LTOS,SJF,12,67815,68105,275,290,21.0,67803
LTOS,SJF,10,16127,16988,847,861,11.0,16117
LTOS,SJF,13,26967,27047,66,80,42.0,26954
LTOS,SJF,15,42032,42259,209,227,24.0,42017
LTOS,SJF,11,60634,61114,462,480,5.0,60623
LTOS,SJF,12,70107,70500,374,393,14.0,70095
LTOS,SJF,12,4046,4597,539,551,28.0,4034
LTOS,SJF,13,32535,33267,715,732,16.0,32522
LTOS,SJF,15,41119,41266,132,147,29.0,41104
LTOS,SJF,12,50522,50571,33,49,45.0,50510
LTOS,SJF,13,63172,63208,24,36,49.7,63159
LTOS,SJF,12,17857,18754,880,897,9.0,17845
LTOS,SJF,14,27247,27468,209,221,39.0,27233
LTOS,SJF,15,49369,49871,484,502,2.0,49354
LTOS,SJF,12,62098,62610,495,512,2.0,62086
LTOS,SJF,13,68729,69053,308,324,18.0,68716
LTOS,SJF,13,829,989,143,160,40.0,816
LTOS,SJF,15,26591,26627,22,36,49.0,26576
LTOS,SJF,15,43517,43800,264,283,18.0,43502
LTOS,SJF,12,55718,56061,330,343,17.0,55706
LTOS,SJF,14,63209,63243,22,34,48.0,63195
LTOS,SJF,13,990,1163,154,173,39.0,977
LTOS,SJF,15,31147,31793,627,646,20.0,31132
LTOS,SJF,16,42723,42972,231,249,21.0,42707
LTOS,SJF,13,51965,52137,154,172,31.0,51952
LTOS,SJF,14,64549,64740,176,191,35.0,64535
LTOS,SJF,13,21497,22459,946,962,5.0,21484
LTOS,SJF,15,28947,29394,433,447,27.9,28932
LTOS,SJF,17,39787,39847,44,60,41.0,39770
LTOS,SJF,13,50870,51031,143,161,40.0,50857
LTOS,SJF,15,74806,75282,462,476,3.0,74791
LTOS,SJF,14,6366,6965,583,599,24.0,6352
LTOS,SJF,16,27258,27481,211,223,38.8,27242
LTOS,SJF,18,44372,44660,275,288,15.0,44354
LTOS,SJF,13,51051,51144,77,93,38.0,51038
LTOS,SJF,16,69746,70106,341,360,15.0,69730
LTOS,SJF,15,61,98,19,37,47.3,46
LTOS,SJF,16,31814,32165,330,351,18.0,31798
LTOS,SJF,18,46279,46669,374,390,9.0,46261
LTOS,SJF,13,53851,54146,275,295,23.0,53838
LTOS,SJF,16,68106,68708,583,602,20.0,68090
LTOS,SJF,15,673,828,143,155,41.0,658
LTOS,SJF,16,27048,27144,77,96,41.0,27032
LTOS,SJF,18,41821,42031,198,210,25.0,41803
LTOS,SJF,14,56434,56806,352,372,15.0,56420
LTOS,SJF,16,70501,70899,385,398,13.0,70485
LTOS,SJF,16,1809,2048,220,239,35.0,1793
LTOS,SJF,16,26628,26671,22,43,48.0,26612
LTOS,SJF,18,39417,39434,0,17,50.0,39399
LTOS,SJF,14,50709,50787,66,78,42.0,50695
LTOS,SJF,16,71719,72131,396,412,10.0,71703
LTOS,SJF,16,19656,20562,891,906,7.0,19640
LTOS,SJF,17,37427,37901,462,474,4.0,37410
LTOS,SJF,18,42973,43243,253,270,20.0,42955
LTOS,SJF,14,50572,50635,44,63,44.0,50558
LTOS,SJF,17,72132,72552,407,420,9.0,72115
LTOS,SJF,17,8275,9000,704,725,21.0,8258
LTOS,SJF,17,31158,31813,636,655,19.9,31141
LTOS,SJF,18,39474,39545,58,71,47.6,39456
LTOS,SJF,16,53014,53288,253,274,26.0,52998
LTOS,SJF,17,63244,63279,22,35,47.0,63227
LTOS,SJF,17,20563,21496,913,933,6.0,20546
LTOS,SJF,17,27482,27594,99,112,37.0,27465
LTOS,SJF,18,39848,39924,55,76,40.0,39830
LTOS,SJF,16,56062,56433,352,371,16.0,56046
LTOS,SJF,17,66738,66994,242,256,25.0,66721
LTOS,SJF,18,11249,12020,759,771,17.0,11231
LTOS,SJF,18,28727,28935,187,208,29.0,28709
LTOS,SJF,18,47064,47509,429,445,7.0,47046
LTOS,SJF,17,53289,53566,264,277,25.0,53272
LTOS,SJF,18,64185,64357,154,172,37.0,64167
LTOS,SJF,19,5767,6365,583,598,25.0,5748
LTOS,SJF,18,26718,26766,33,48,46.0,26700
LTOS,SJF,19,40116,40317,189,201,36.8,40097
LTOS,SJF,17,50475,50521,33,46,46.0,50458
LTOS,SJF,18,66500,66737,220,237,26.0,66482
LTOS,SJF,19,6966,7573,594,607,23.0,6947
LTOS,SJF,18,26567,26590,11,23,50.0,26549
LTOS,SJF,19,42260,42488,209,228,23.0,42241
LTOS,SJF,17,52334,52535,187,201,29.0,52317
LTOS,SJF,18,68117,68728,592,611,19.9,68099
LTOS,SJF,19,525,672,132,147,42.0,506
LTOS,SJF,20,32546,33285,722,739,15.9,32526
LTOS,SJF,19,39732,39786,33,54,42.0,39713
LTOS,SJF,18,50881,51050,151,169,39.8,50863
LTOS,SJF,20,73426,73868,429,442,6.0,73406
LTOS,SJF,20,2049,2329,264,280,34.0,2029
LTOS,SJF,20,36968,37426,440,458,5.0,36948
LTOS,SJF,19,45925,46278,341,353,10.0,45906
LTOS,SJF,20,50391,50416,11,25,50.0,50371
LTOS,SJF,20,67258,67531,253,273,23.0,67238
LTOS,SJF,20,24454,25496,1023,1042,2.0,24434
LTOS,SJF,20,27729,27875,132,146,35.0,27709
LTOS,SJF,19,43801,44085,264,284,17.0,43782
LTOS,SJF,20,51268,51393,110,125,36.0,51248
LTOS,SJF,20,65392,65823,414,431,30.9,65372
